LinesTotal,LinesCovered,ConditionsTotal,ConditionsCovered
96,58,30,12
