target,args,referenceOutcome,receiverVariant,setupCalls,localeEnvironment
"com.google.javascript.jscomp.Compiler#reportCodeChange##false#com.google.javascript.jscomp.Compiler","","NULL:",4,"getSourceRegion(|0) ; compile(<empty>|<empty>|<sample:7>)",0
"com.google.javascript.jscomp.Compiler#reportCodeChange##false#com.google.javascript.jscomp.Compiler","","NULL:",4,"compile(<empty>|<empty>|<sample:7>) ; getTypedScopeCreator() ; toSource(<sample:2>)",0
"com.google.javascript.jscomp.Compiler#runCallable#java.util.concurrent.Callable,boolean,boolean#true#com.google.javascript.jscomp.Compiler","<null>|false|true","ERR:java.lang.RuntimeException",0,"",0
"com.google.javascript.jscomp.Compiler#getVariableMap##false#com.google.javascript.jscomp.Compiler","","NULL:",0,"toSource(<sample:6>)",0
"com.google.javascript.jscomp.Compiler#reportCodeChange##false#com.google.javascript.jscomp.Compiler","","NULL:",14,"compile(<empty>|<empty>|<sample:4>) ; getSourceRegion(.5|10) ; getFunctionalInformationMap()",2
"com.google.javascript.jscomp.Compiler#reportCodeChange##false#com.google.javascript.jscomp.Compiler","","NULL:",4,"initModules(<sample:0>|<sample:0>|<sample:3>) ; parseInputs() ; compile(<sample:0>|<empty>|<sample:5>)",3
"com.google.javascript.jscomp.Compiler#reportCodeChange##false#com.google.javascript.jscomp.Compiler","","NULL:",4,"precheck() ; report(<sample:1>) ; compile(<sample:0>|<empty>|<sample:5>)",3
"com.google.javascript.jscomp.Compiler#getRoot##false#com.google.javascript.jscomp.Compiler","","NULL:",0,"",0
"com.google.javascript.jscomp.Compiler#reportCodeChange##false#com.google.javascript.jscomp.Compiler","","NULL:",1,"getSourceLine(;eh|1) ; startPass(-1.5) ; compile(<sample:2>|<sample:2>|<sample:6>)",0
"com.google.javascript.jscomp.Compiler#reportCodeChange##false#com.google.javascript.jscomp.Compiler","","NULL:",1,"compile(<sample:2>|<sample:2>|<sample:4>) ; getParserConfig() ; replaceIncrementalSourceAst(<sample:1>)",0
"com.google.javascript.jscomp.Compiler#getReverseAbstractInterpreter##false#com.google.javascript.jscomp.Compiler","","OK:com.google.javascript.jscomp.SemanticReverseAbstractInterpreter",0,"getCssRenamingMap()",0
"com.google.javascript.jscomp.Compiler#languageMode##false#com.google.javascript.jscomp.Compiler","","OK:com.google.javascript.jscomp.CompilerOptions$LanguageMode",0,"getInput(abc)",0
"com.google.javascript.jscomp.Compiler#reportCodeChange##false#com.google.javascript.jscomp.Compiler","","NULL:",1,"compile(<sample:3>|<sample:4>|<sample:4>) ; getPropertyMap() ; replaceIncrementalSourceAst(<sample:0>)",0
"com.google.javascript.jscomp.Compiler#reportCodeChange##false#com.google.javascript.jscomp.Compiler","","NULL:",1,"compile(<sample:3>|<sample:4>|<sample:4>) ; computeCFG() ; getPropertyMap()",1
"com.google.javascript.jscomp.Compiler#reportCodeChange##false#com.google.javascript.jscomp.Compiler","","NULL:",1,"compile(<sample:2>|<sample:5>|<sample:7>) ; compile(<sample:4>|<sample:1>|<sample:3>)",1
"com.google.javascript.jscomp.Compiler#getOptions##false#com.google.javascript.jscomp.Compiler","","OK:com.google.javascript.jscomp.CompilerOptions",0,"",0
"com.google.javascript.jscomp.Compiler#acceptEcmaScript5##false#com.google.javascript.jscomp.Compiler","","OK:java.lang.Boolean",2,"getFunctionalInformationMap() ; resetUniqueNameId()",0
"com.google.javascript.jscomp.Compiler#setLoggingLevel#java.util.logging.Level#true#com.google.javascript.jscomp.Compiler","<sample:0>","NULL:",0,"",0
"com.google.javascript.jscomp.Compiler#getFunctionalInformationMap##false#com.google.javascript.jscomp.Compiler","","NULL:",1,"disableThreads() ; getExternsForTesting()",0
"com.google.javascript.jscomp.Compiler#throwInternalError#java.lang.String,java.lang.Exception#false#com.google.javascript.jscomp.Compiler","[|<sample:0>","ERR:java.lang.RuntimeException",0,"setHasRegExpGlobalReferences(true)",0
"com.google.javascript.jscomp.Compiler#setPassConfig#com.google.javascript.jscomp.PassConfig#false#com.google.javascript.jscomp.Compiler","<sample:5>","NULL:",0,"initInputsByNameMap() ; addIncrementalSourceAst(<sample:5>)",0
"com.google.javascript.jscomp.Compiler#endPass##false#com.google.javascript.jscomp.Compiler","","ERR:java.lang.IllegalStateException",0,"getCodingConvention()",0
"com.google.javascript.jscomp.Compiler#getTopScope##false#com.google.javascript.jscomp.Compiler","","NULL:",0,"hasRegExpGlobalReferences() ; compile(<sample:5>|<sample:3>|<null>)",0
"com.google.javascript.jscomp.Compiler#areNodesEqualForInlining#com.google.javascript.rhino.Node,com.google.javascript.rhino.Node#false#com.google.javascript.jscomp.Compiler","<sample:1>|<sample:0>","OK:java.lang.Boolean",0,"getTypeValidator() ; isInliningForbidden()",0
"com.google.javascript.jscomp.Compiler#runCallableWithLargeStack#java.util.concurrent.Callable#true#com.google.javascript.jscomp.Compiler","<empty>","OK:java.lang.String",0,"",3
"com.google.javascript.jscomp.Compiler#parseSyntheticCode#java.lang.String,java.lang.String#false#com.google.javascript.jscomp.Compiler","2020-01-01|]","OK:java.lang.Boolean",1,"parseSyntheticCode(i) ; removeChangeHandler(<sample:6>)",0
"com.google.javascript.jscomp.Compiler#stripCode#java.util.Set,java.util.Set,java.util.Set,java.util.Set#false#com.google.javascript.jscomp.Compiler","<sample:1>|<empty>|<sample:0>|<sample:0>","ERR:java.lang.RuntimeException",0,"parse(<sample:2>) ; compileModules(<sample:2>|<sample:3>|<sample:4>)",3
"com.google.javascript.jscomp.Compiler#getGlobalVarReferences##false#com.google.javascript.jscomp.Compiler","","NULL:",4,"throwInternalError( |<null>)",0
"com.google.javascript.jscomp.Compiler#compile#com.google.javascript.jscomp.JSSourceFile[],com.google.javascript.jscomp.JSSourceFile[],com.google.javascript.jscomp.CompilerOptions#false#com.google.javascript.jscomp.Compiler","<sample:2>|<sample:3>|<sample:5>","OK:com.google.javascript.jscomp.Result",2,"setState(<sample:6>)",1
"com.google.javascript.jscomp.Compiler#compile#com.google.javascript.jscomp.JSSourceFile[],com.google.javascript.jscomp.JSSourceFile[],com.google.javascript.jscomp.CompilerOptions#false#com.google.javascript.jscomp.Compiler","<sample:3>|<sample:2>|<sample:3>","ERR:java.lang.RuntimeException",1,"isTypeCheckingEnabled() ; parse(<sample:0>) ; toSource(<sample:4>)",3
"com.google.javascript.jscomp.Compiler#parse#com.google.javascript.jscomp.JSSourceFile#false#com.google.javascript.jscomp.Compiler","<sample:2>","OK:java.lang.Integer",0,"parse() ; optimize()",0
"com.google.javascript.jscomp.Compiler#rebuildInputsFromModules##false#com.google.javascript.jscomp.Compiler","","NULL:",1,"setCssRenamingMap(<sample:2>)",0
"com.google.javascript.jscomp.Compiler#toSource#com.google.javascript.jscomp.Compiler$CodeBuilder,int,com.google.javascript.rhino.Node#false#com.google.javascript.jscomp.Compiler","<sample:4>|1048575|<sample:6>","NULL:",0,"removeInput(1L)",2
"com.google.javascript.jscomp.Compiler#compile#com.google.javascript.jscomp.JSSourceFile[],com.google.javascript.jscomp.JSSourceFile[],com.google.javascript.jscomp.CompilerOptions#false#com.google.javascript.jscomp.Compiler","<sample:1>|<sample:5>|<sample:7>","OK:com.google.javascript.jscomp.Result",8,"setCssRenamingMap(<sample:4>) ; compileModules(<null>|<null>|<sample:1>) ; toSourceArray()",3
"com.google.javascript.jscomp.Compiler#parseTestCode#java.lang.String#false#com.google.javascript.jscomp.Compiler","010","ERR:java.lang.UnsupportedOperationException",10,"getUniqueNameIdSupplier()",0
"com.google.javascript.jscomp.Compiler#runCallable#java.util.concurrent.Callable,boolean,boolean#true#com.google.javascript.jscomp.Compiler","<sample:3>|false|true","OK:java.lang.Integer",0,"",0
"com.google.javascript.jscomp.Compiler#newExternInput#java.lang.String#false#com.google.javascript.jscomp.Compiler","Titke","NULL:",1,"toSourceArray() ; compile(<sample:5>|<sample:1>|<sample:6>) ; recordFunctionInformation()",0
"com.google.javascript.jscomp.Compiler#computeCFG##false#com.google.javascript.jscomp.Compiler","","ERR:java.lang.NullPointerException",3,"compileModules(<sample:2>|<null>|<sample:0>) ; toSourceArray(<sample:7>)",2
"com.google.javascript.jscomp.Compiler#isTypeCheckingEnabled##false#com.google.javascript.jscomp.Compiler","","OK:java.lang.Boolean",1,"addIncrementalSourceAst(<sample:2>) ; compile(<sample:7>|<empty>|<sample:4>) ; getReverseAbstractInterpreter()",0
"com.google.javascript.jscomp.Compiler#isTypeCheckingEnabled##false#com.google.javascript.jscomp.Compiler","","OK:java.lang.Boolean",1,"compile(<sample:8>|<sample:1>|<sample:1>) ; replaceIncrementalSourceAst(<sample:7>)",0
"com.google.javascript.jscomp.Compiler#newExternInput#java.lang.String#false#com.google.javascript.jscomp.Compiler","a","ERR:java.lang.IllegalArgumentException",0,"",0
"com.google.javascript.jscomp.Compiler#getInputsForTesting##false#com.google.javascript.jscomp.Compiler","","OK:java.lang.Boolean",7,"initCompilerOptionsIfTesting() ; getInputsInOrder() ; newExternInput(1)",2
"com.google.javascript.jscomp.Compiler#getWarningCount##false#com.google.javascript.jscomp.Compiler","","OK:java.lang.Integer",1,"compile(<sample:8>|<empty>|<sample:5>) ; parseInputs() ; removeTryCatchFinally()",2
"com.google.javascript.jscomp.Compiler#toSource##false#com.google.javascript.jscomp.Compiler","","OK:java.lang.String",6,"compile(<sample:3>|<empty>|<sample:2>) ; getNodeForCodeInsertion(<sample:7>)",3
"com.google.javascript.jscomp.Compiler#toSource##false#com.google.javascript.jscomp.Compiler","","OK:java.lang.String",1,"compile(<sample:2>|<sample:0>|<sample:4>) ; getWarnings() ; processDefines()",0
"com.google.javascript.jscomp.Compiler#toSource##false#com.google.javascript.jscomp.Compiler","","OK:java.lang.String",1,"process(<sample:3>) ; compile(<sample:11>|<sample:3>|<sample:6>) ; stripCode(<empty>|<sample:2>|<empty>|<sample:1>)",0
"com.google.javascript.jscomp.Compiler#setPassConfig#com.google.javascript.jscomp.PassConfig#false#com.google.javascript.jscomp.Compiler","<sample:7>","ERR:java.lang.IllegalStateException",8,"getVariableMap() ; getSourceMap() ; updateGlobalVarReferences(<sample:0>|<sample:5>)",2
"com.google.javascript.jscomp.Compiler#parseTestCode#java.lang.String#false#com.google.javascript.jscomp.Compiler"," on recently changed AST","OK:com.google.javascript.rhino.Node",1,"compile(<sample:0>|<sample:7>|<sample:6>) ; recordFunctionInformation() ; getTypeValidator()",2
"com.google.javascript.jscomp.Compiler#getMessages##false#com.google.javascript.jscomp.Compiler","","OK:[Lcom.google.javascript.jscomp.JSError;",0,"",3
"com.google.javascript.jscomp.Compiler#recordFunctionInformation##false#com.google.javascript.jscomp.Compiler","","ERR:java.lang.RuntimeException",1,"",3
"com.google.javascript.jscomp.Compiler#getGlobalVarReferences##false#com.google.javascript.jscomp.Compiler","","NULL:",0,"acceptConstKeyword()",3
"com.google.javascript.jscomp.Compiler#reportCodeChange##false#com.google.javascript.jscomp.Compiler","","NULL:",4,"getInputsInOrder() ; compile(<empty>|<empty>|<sample:7>)",2
"com.google.javascript.jscomp.Compiler#reportCodeChange##false#com.google.javascript.jscomp.Compiler","","NULL:",4,"getInputsInOrder()",2
"com.google.javascript.jscomp.Compiler#reportCodeChange##false#com.google.javascript.jscomp.Compiler","","NULL:",4,"setPassConfig(<sample:4>) ; getInputsInOrder() ; compile(<empty>|<empty>|<sample:7>)",2
"com.google.javascript.jscomp.Compiler#reportCodeChange##false#com.google.javascript.jscomp.Compiler","","NULL:",4,"getInputsInOrder() ; compile(<empty>|<empty>|<sample:7>) ; toSource(<sample:1>)",2
"com.google.javascript.jscomp.Compiler#reportCodeChange##false#com.google.javascript.jscomp.Compiler","","NULL:",5,"getInputsInOrder() ; compile(<empty>|<empty>|<sample:7>) ; toSource(<sample:1>)",2
"com.google.javascript.jscomp.Compiler#runCallableWithLargeStack#java.util.concurrent.Callable#true#com.google.javascript.jscomp.Compiler","<null>","ERR:java.lang.RuntimeException",0,"",3
"com.google.javascript.jscomp.Compiler#reportCodeChange##false#com.google.javascript.jscomp.Compiler","","NULL:",4,"compile(<empty>|<empty>|<sample:5>) ; acceptEcmaScript5()",3
"com.google.javascript.jscomp.Compiler#reportCodeChange##false#com.google.javascript.jscomp.Compiler","","NULL:",4,"compile(<empty>|<sample:1>|<sample:4>) ; getWarnings() ; isInliningForbidden()",2
"com.google.javascript.jscomp.Compiler#reportCodeChange##false#com.google.javascript.jscomp.Compiler","","NULL:",14,"initInputsByNameMap() ; compile(<empty>|<empty>|<sample:4>) ; getFunctionalInformationMap()",1
"com.google.javascript.jscomp.Compiler#reportCodeChange##false#com.google.javascript.jscomp.Compiler","","NULL:",15,"initInputsByNameMap() ; compile(<empty>|<empty>|<sample:4>) ; getFunctionalInformationMap()",1
"com.google.javascript.jscomp.Compiler#reportCodeChange##false#com.google.javascript.jscomp.Compiler","","NULL:",14,"initInputsByNameMap() ; getFunctionalInformationMap()",1
"com.google.javascript.jscomp.Compiler#getDefaultErrorReporter##false#com.google.javascript.jscomp.Compiler","","OK:com.google.javascript.jscomp.RhinoErrorReporter$NewRhinoErrorReporter",6,"getWarningCount() ; compile(<sample:0>|<sample:1>|<sample:4>)",2
"com.google.javascript.jscomp.Compiler#reportCodeChange##false#com.google.javascript.jscomp.Compiler","","NULL:",14,"compile(<empty>|<empty>|<sample:4>) ; getFunctionalInformationMap() ; setPassConfig(<sample:5>)",2
"com.google.javascript.jscomp.Compiler#compileModules#java.util.List,java.util.List,com.google.javascript.jscomp.CompilerOptions#false#com.google.javascript.jscomp.Compiler","<sample:1>|<null>|<sample:4>","ERR:java.lang.NullPointerException",0,"",3
"com.google.javascript.jscomp.Compiler#reportCodeChange##false#com.google.javascript.jscomp.Compiler","","NULL:",14,"compile(<sample:2>|<empty>|<sample:4>)",1
"com.google.javascript.jscomp.Compiler#check##false#com.google.javascript.jscomp.Compiler","","ERR:java.lang.RuntimeException",5,"newTracer(1.25) ; compile(<sample:4>|<sample:1>|<sample:6>)",1
"com.google.javascript.jscomp.Compiler#reportCodeChange##false#com.google.javascript.jscomp.Compiler","","NULL:",11,"parseInputs() ; compile(<sample:0>|<empty>|<sample:5>) ; getWarningCount()",3
"com.google.javascript.jscomp.Compiler#getSourceLine#java.lang.String,int#false#com.google.javascript.jscomp.Compiler","--1|1048577","NULL:",0,"getErrorCount()",1
"com.google.javascript.jscomp.Compiler#reportCodeChange##false#com.google.javascript.jscomp.Compiler","","NULL:",10,"parseInputs() ; compile(<sample:0>|<sample:0>|<sample:5>)",3
"com.google.javascript.jscomp.Compiler#reportCodeChange##false#com.google.javascript.jscomp.Compiler","","NULL:",14,"parseInputs()",3
"com.google.javascript.jscomp.Compiler#reportCodeChange##false#com.google.javascript.jscomp.Compiler","","NULL:",5,"precheck() ; report(<sample:1>) ; compile(<sample:0>|<empty>|<sample:5>)",3
"com.google.javascript.jscomp.Compiler#parseSyntheticCode#java.lang.String,java.lang.String#false#com.google.javascript.jscomp.Compiler","5.|toSource","OK:com.google.javascript.rhino.Node",0,"parseTestCode(1.5) ; replaceIncrementalSourceAst(<sample:3>)",2
"com.google.javascript.jscomp.Compiler#runCallable#java.util.concurrent.Callable,boolean,boolean#true#com.google.javascript.jscomp.Compiler","<sample:2>|false|false","OK:java.lang.String",0,"",3
"com.google.javascript.jscomp.Compiler#reportCodeChange##false#com.google.javascript.jscomp.Compiler","","NULL:",1,"compile(<sample:3>|<sample:2>|<sample:4>) ; initModules(<sample:3>|<sample:3>|<sample:4>) ; replaceIncrementalSourceAst(<sample:1>)",2
"com.google.javascript.jscomp.Compiler#reportCodeChange##false#com.google.javascript.jscomp.Compiler","","NULL:",1,"compile(<sample:2>|<sample:5>|<sample:7>)",1
"com.google.javascript.jscomp.Compiler#reportCodeChange##false#com.google.javascript.jscomp.Compiler","","NULL:",1,"compile(<sample:2>|<sample:5>|<sample:7>) ; compile(<sample:4>|<null>|<sample:3>)",1
"com.google.javascript.jscomp.Compiler#reportCodeChange##false#com.google.javascript.jscomp.Compiler","","NULL:",1,"compile(<sample:4>|<sample:1>|<sample:3>)",1
"com.google.javascript.jscomp.Compiler#reportCodeChange##false#com.google.javascript.jscomp.Compiler","","NULL:",2,"compile(<sample:2>|<sample:5>|<sample:7>) ; compile(<sample:4>|<sample:1>|<sample:3>)",1
"com.google.javascript.jscomp.Compiler#getResult##false#com.google.javascript.jscomp.Compiler","","OK:com.google.javascript.jscomp.Result",0,"parseTestCode( )",3
"com.google.javascript.jscomp.Compiler#reportCodeChange##false#com.google.javascript.jscomp.Compiler","","NULL:",1,"disableThreads() ; reportCodeChange() ; compile(<sample:2>|<sample:5>|<sample:6>)",2
"com.google.javascript.jscomp.Compiler#toSource##false#com.google.javascript.jscomp.Compiler","","OK:java.lang.String",0,"initModules(<sample:2>|<sample:3>|<sample:5>)",1
"com.google.javascript.jscomp.Compiler#getSourceMap##false#com.google.javascript.jscomp.Compiler","","NULL:",0,"compile(<sample:6>|<null>|<sample:0>)",3
"com.google.javascript.jscomp.Compiler#stopTracer#com.google.javascript.jscomp.Tracer,java.lang.String#false#com.google.javascript.jscomp.Compiler","<sample:2>|--1","NULL:",0,"",3
"com.google.javascript.jscomp.Compiler#check##false#com.google.javascript.jscomp.Compiler","","ERR:java.lang.RuntimeException",0,"toSource() ; toSource()",2
"com.google.javascript.jscomp.Compiler#compile#com.google.javascript.jscomp.JSSourceFile[],com.google.javascript.jscomp.JSModule[],com.google.javascript.jscomp.CompilerOptions#false#com.google.javascript.jscomp.Compiler","<sample:2>|<sample:2>|<sample:1>","OK:com.google.javascript.jscomp.Result",0,"",2
"com.google.javascript.jscomp.Compiler#getTypeValidator##false#com.google.javascript.jscomp.Compiler","","OK:com.google.javascript.jscomp.TypeValidator",7,"removeChangeHandler(<null>)",1
"com.google.javascript.jscomp.Compiler#compile#com.google.javascript.jscomp.JSSourceFile,com.google.javascript.jscomp.JSSourceFile[],com.google.javascript.jscomp.CompilerOptions#false#com.google.javascript.jscomp.Compiler","<null>|<sample:5>|<sample:6>","ERR:java.lang.NullPointerException",0,"",2
"com.google.javascript.jscomp.Compiler#getFunctionalInformationMap##false#com.google.javascript.jscomp.Compiler","","NULL:",0,"",3
"com.google.javascript.jscomp.Compiler#setCssRenamingMap#com.google.javascript.jscomp.CssRenamingMap#false#com.google.javascript.jscomp.Compiler","<sample:1>","NULL:",0,"",3
"com.google.javascript.jscomp.Compiler#compile#com.google.javascript.jscomp.JSSourceFile[],com.google.javascript.jscomp.JSModule[],com.google.javascript.jscomp.CompilerOptions#false#com.google.javascript.jscomp.Compiler","<sample:5>|<sample:2>|<sample:5>","OK:com.google.javascript.jscomp.Result",0,"",3
"com.google.javascript.jscomp.Compiler#hasRegExpGlobalReferences##false#com.google.javascript.jscomp.Compiler","","OK:java.lang.Boolean",0,"",1
"com.google.javascript.jscomp.Compiler#toSourceArray#com.google.javascript.jscomp.JSModule#false#com.google.javascript.jscomp.Compiler","<sample:1>","OK:[Ljava.lang.String;",0,"",1
"com.google.javascript.jscomp.Compiler#updateGlobalVarReferences#java.util.Map,com.google.javascript.rhino.Node#false#com.google.javascript.jscomp.Compiler","<sample:3>|<sample:4>","ERR:java.lang.IllegalStateException",0,"",3
"com.google.javascript.jscomp.Compiler#setState#com.google.javascript.jscomp.Compiler$IntermediateState#false#com.google.javascript.jscomp.Compiler","<sample:6>","NULL:",0,"",3
"com.google.javascript.jscomp.Compiler#getMessages##false#com.google.javascript.jscomp.Compiler","","OK:[Lcom.google.javascript.jscomp.JSError;",0,"",1
"com.google.javascript.jscomp.Compiler#getLifeCycleStage##false#com.google.javascript.jscomp.Compiler","","OK:com.google.javascript.jscomp.AbstractCompiler$LifeCycleStage",0,"",2
"com.google.javascript.jscomp.Compiler#newExternInput#java.lang.String#false#com.google.javascript.jscomp.Compiler","runCustomPasses","ERR:java.lang.NullPointerException",0,"",2
"com.google.javascript.jscomp.Compiler#getWarnings##false#com.google.javascript.jscomp.Compiler","","OK:[Lcom.google.javascript.jscomp.JSError;",0,"parseSyntheticCode(5.|123456789012345678901234567890)",3
"com.google.javascript.jscomp.Compiler#getGlobalVarReferences##false#com.google.javascript.jscomp.Compiler","","NULL:",0,"",1
"com.google.javascript.jscomp.Compiler#hasRegExpGlobalReferences##false#com.google.javascript.jscomp.Compiler","","OK:java.lang.Boolean",0,"getPassConfig()",2
"com.google.javascript.jscomp.Compiler#report#com.google.javascript.jscomp.JSError#false#com.google.javascript.jscomp.Compiler","<null>","ERR:java.lang.NullPointerException",0,"toSourceArray() ; getDiagnosticGroups()",2
"com.google.javascript.jscomp.Compiler#parseSyntheticCode#java.lang.String#false#com.google.javascript.jscomp.Compiler","TITLE","OK:java.lang.String",0,"",1
"com.google.javascript.jscomp.Compiler#getInput#java.lang.String#false#com.google.javascript.jscomp.Compiler","%name%","NULL:",3,"getOptions()",3
"com.google.javascript.jscomp.Compiler#parseTestCode#java.lang.String#false#com.google.javascript.jscomp.Compiler",";","ERR:java.lang.IllegalStateException",0,"getCodingConvention() ; stopTracer(<sample:2>|i)",2
"com.google.javascript.jscomp.Compiler#initModules#java.util.List,java.util.List,com.google.javascript.jscomp.CompilerOptions#false#com.google.javascript.jscomp.Compiler","<sample:0>|<null>|<sample:4>","ERR:java.lang.NullPointerException",0,"",3
"com.google.javascript.jscomp.Compiler#initModules#java.util.List,java.util.List,com.google.javascript.jscomp.CompilerOptions#false#com.google.javascript.jscomp.Compiler","<sample:0>|<sample:1>|<sample:4>","ERR:java.lang.ClassCastException",0,"resetUniqueNameId()",3
"com.google.javascript.jscomp.Compiler#getTopScope##false#com.google.javascript.jscomp.Compiler","","NULL:",0,"parseSyntheticCode(sanityCheck|1E-5)",2
"com.google.javascript.jscomp.Compiler#isIdeMode##false#com.google.javascript.jscomp.Compiler","","OK:java.lang.Boolean",0,"",1
"com.google.javascript.jscomp.Compiler#initCompilerOptionsIfTesting##false#com.google.javascript.jscomp.Compiler","","NULL:",0,"",1
"com.google.javascript.jscomp.Compiler#isIdeMode##false#com.google.javascript.jscomp.Compiler","","OK:java.lang.Boolean",0,"getErrorManager() ; throwInternalError(12:30:45|<sample:0>)",2
"com.google.javascript.jscomp.Compiler#setErrorManager#com.google.javascript.jscomp.ErrorManager#false#com.google.javascript.jscomp.Compiler","<sample:5>","NULL:",0,"",3
"com.google.javascript.jscomp.Compiler#getErrorCount##false#com.google.javascript.jscomp.Compiler","","OK:java.lang.Integer",0,"getWarningCount()",3
"com.google.javascript.jscomp.Compiler#processDefines##false#com.google.javascript.jscomp.Compiler","","ERR:java.lang.RuntimeException",15,"getResult() ; removeInput(0x1234567o9) ; prepareAst(<sample:2>)",1
"com.google.javascript.jscomp.Compiler#processDefines##false#com.google.javascript.jscomp.Compiler","","ERR:java.lang.NullPointerException",16,"getResult() ; removeInput(0x1234567o9) ; prepareAst(<sample:2>)",1
"com.google.javascript.jscomp.Compiler#getMessages##false#com.google.javascript.jscomp.Compiler","","OK:[Lcom.google.javascript.jscomp.JSError;",0,"",0
"com.google.javascript.jscomp.Compiler#getMessages##false#com.google.javascript.jscomp.Compiler","","OK:[Lcom.google.javascript.jscomp.JSError;",1,"",0
"com.google.javascript.jscomp.Compiler#getMessages##false#com.google.javascript.jscomp.Compiler","","OK:[Lcom.google.javascript.jscomp.JSError;",2,"",0
"com.google.javascript.jscomp.Compiler#getTypeValidator##false#com.google.javascript.jscomp.Compiler","","OK:com.google.javascript.jscomp.TypeValidator",0,"",0
"com.google.javascript.jscomp.Compiler#recordFunctionInformation##false#com.google.javascript.jscomp.Compiler","","ERR:java.lang.RuntimeException",0,"",0
"com.google.javascript.jscomp.Compiler#recordFunctionInformation##false#com.google.javascript.jscomp.Compiler","","ERR:java.lang.RuntimeException",3,"getResult()",0
"com.google.javascript.jscomp.Compiler#recordFunctionInformation##false#com.google.javascript.jscomp.Compiler","","ERR:java.lang.NullPointerException",4,"getResult()",0
"com.google.javascript.jscomp.Compiler#recordFunctionInformation##false#com.google.javascript.jscomp.Compiler","","ERR:java.lang.RuntimeException",5,"getTopScope()",0
"com.google.javascript.jscomp.Compiler#getExternsForTesting##false#com.google.javascript.jscomp.Compiler","","OK:java.util.ArrayList",0,"",0
"com.google.javascript.jscomp.Compiler#recordFunctionInformation##false#com.google.javascript.jscomp.Compiler","","ERR:java.lang.RuntimeException",5,"rebuildInputsFromModules()",0
"com.google.javascript.jscomp.Compiler#reportCodeChange##false#com.google.javascript.jscomp.Compiler","","NULL:",0,"",0
"com.google.javascript.jscomp.Compiler#reportCodeChange##false#com.google.javascript.jscomp.Compiler","","NULL:",1,"",0
"com.google.javascript.jscomp.Compiler#reportCodeChange##false#com.google.javascript.jscomp.Compiler","","NULL:",2,"compile(<empty>|<empty>|<sample:7>)",0
"com.google.javascript.jscomp.Compiler#reportCodeChange##false#com.google.javascript.jscomp.Compiler","","NULL:",2,"getSourceRegion(|0) ; compile(<empty>|<empty>|<sample:7>)",0
"com.google.javascript.jscomp.Compiler#getParserConfig##false#com.google.javascript.jscomp.Compiler","","OK:com.google.javascript.jscomp.parsing.Config",1,"isInliningForbidden() ; getSourceRegion(010|-1)",0
"com.google.javascript.jscomp.Compiler#reportCodeChange##false#com.google.javascript.jscomp.Compiler","","NULL:",4,"getSourceRegion(|0)",0
"com.google.javascript.jscomp.Compiler#reportCodeChange##false#com.google.javascript.jscomp.Compiler","","NULL:",5,"getInputsInOrder() ; getSourceRegion(|0) ; compile(<empty>|<empty>|<sample:7>)",0
"com.google.javascript.jscomp.Compiler#initCompilerOptionsIfTesting##false#com.google.javascript.jscomp.Compiler","","NULL:",0,"compile(<sample:0>|<null>|<sample:4>) ; resetUniqueNameId()",0
"com.google.javascript.jscomp.Compiler#reportCodeChange##false#com.google.javascript.jscomp.Compiler","","NULL:",4,"getInputsInOrder() ; getSourceRegion(|0) ; compile(<empty>|<sample:1>|<sample:7>)",0
"com.google.javascript.jscomp.Compiler#resetUniqueNameId##false#com.google.javascript.jscomp.Compiler","","NULL:",0,"",0
"com.google.javascript.jscomp.Compiler#getExternsForTesting##false#com.google.javascript.jscomp.Compiler","","OK:java.util.ArrayList",0,"getUniqueNameIdSupplier()",0
"com.google.javascript.jscomp.Compiler#reportCodeChange##false#com.google.javascript.jscomp.Compiler","","NULL:",4,"computeCFG() ; getInputsInOrder() ; compile(<empty>|<empty>|<sample:1>)",0
"com.google.javascript.jscomp.Compiler#reportCodeChange##false#com.google.javascript.jscomp.Compiler","","NULL:",4,"toSource(<sample:2>)",0
"com.google.javascript.jscomp.Compiler#toSource#com.google.javascript.jscomp.Compiler$CodeBuilder,int,com.google.javascript.rhino.Node#false#com.google.javascript.jscomp.Compiler","<sample:4>|-1|<sample:5>","ERR:java.lang.RuntimeException",0,"",0
"com.google.javascript.jscomp.Compiler#reportCodeChange##false#com.google.javascript.jscomp.Compiler","","NULL:",4,"compile(<empty>|<empty>|<sample:5>) ; acceptEcmaScript5()",0
"com.google.javascript.jscomp.Compiler#getCodingConvention##false#com.google.javascript.jscomp.Compiler","","OK:com.google.javascript.jscomp.ClosureCodingConvention",0,"getDefaultErrorReporter()",0
"com.google.javascript.jscomp.Compiler#getLifeCycleStage##false#com.google.javascript.jscomp.Compiler","","OK:com.google.javascript.jscomp.AbstractCompiler$LifeCycleStage",0,"initCompilerOptionsIfTesting()",0
"com.google.javascript.jscomp.Compiler#getTypedScopeCreator##false#com.google.javascript.jscomp.Compiler","","NULL:",0,"compile(<sample:6>|<null>|<sample:6>)",0
"com.google.javascript.jscomp.Compiler#reportCodeChange##false#com.google.javascript.jscomp.Compiler","","NULL:",14,"initInputsByNameMap() ; compile(<empty>|<empty>|<sample:4>) ; getFunctionalInformationMap()",0
"com.google.javascript.jscomp.Compiler#toSourceArray#com.google.javascript.jscomp.JSModule#false#com.google.javascript.jscomp.Compiler","<sample:6>","OK:[Ljava.lang.String;",0,"compile(<sample:3>|<sample:1>|<sample:3>) ; getReverseAbstractInterpreter()",0
"com.google.javascript.jscomp.Compiler#getModuleGraph##false#com.google.javascript.jscomp.Compiler","","NULL:",0,"",0
"com.google.javascript.jscomp.Compiler#compile#com.google.javascript.jscomp.JSSourceFile,com.google.javascript.jscomp.JSSourceFile[],com.google.javascript.jscomp.CompilerOptions#false#com.google.javascript.jscomp.Compiler","<null>|<sample:2>|<sample:7>","ERR:java.lang.NullPointerException",0,"getMessages()",0
"com.google.javascript.jscomp.Compiler#toSource#com.google.javascript.jscomp.JSModule#false#com.google.javascript.jscomp.Compiler","<sample:2>","OK:java.lang.String",0,"",0
"com.google.javascript.jscomp.Compiler#getUniqueNameIdSupplier##false#com.google.javascript.jscomp.Compiler","","OK:?",0,"compile(<sample:0>|<sample:5>|<sample:4>)",0
"com.google.javascript.jscomp.Compiler#getErrorCount##false#com.google.javascript.jscomp.Compiler","","OK:java.lang.Integer",0,"getErrorLevel(<sample:6>)",0
"com.google.javascript.jscomp.Compiler#getWarningCount##false#com.google.javascript.jscomp.Compiler","","OK:java.lang.Integer",0,"",0
"com.google.javascript.jscomp.Compiler#reportCodeChange##false#com.google.javascript.jscomp.Compiler","","NULL:",11,"parseInputs() ; compile(<empty>|<empty>|<sample:5>) ; getWarningCount()",0
"com.google.javascript.jscomp.Compiler#reportCodeChange##false#com.google.javascript.jscomp.Compiler","","NULL:",10,"parseInputs() ; compile(<sample:0>|<empty>|<sample:5>) ; getWarningCount()",0
"com.google.javascript.jscomp.Compiler#getErrorManager##false#com.google.javascript.jscomp.Compiler","","OK:com.google.javascript.jscomp.LoggerErrorManager",0,"",0
"com.google.javascript.jscomp.Compiler#getResult##false#com.google.javascript.jscomp.Compiler","","OK:com.google.javascript.jscomp.Result",0,"",0
"com.google.javascript.jscomp.Compiler#hasErrors##false#com.google.javascript.jscomp.Compiler","","OK:java.lang.Boolean",5,"getTypeValidator() ; acceptEcmaScript5()",0
"com.google.javascript.jscomp.Compiler#reportCodeChange##false#com.google.javascript.jscomp.Compiler","","NULL:",4,"getSourceLine(;|1048575) ; removeChangeHandler(<sample:2>) ; compile(<sample:0>|<empty>|<sample:5>)",0
"com.google.javascript.jscomp.Compiler#setErrorManager#com.google.javascript.jscomp.ErrorManager#false#com.google.javascript.jscomp.Compiler","<sample:3>","NULL:",0,"",0
"com.google.javascript.jscomp.Compiler#initOptions#com.google.javascript.jscomp.CompilerOptions#false#com.google.javascript.jscomp.Compiler","<sample:4>","NULL:",5,"report(<sample:6>)",0
"com.google.javascript.jscomp.Compiler#getDefaultErrorReporter##false#com.google.javascript.jscomp.Compiler","","OK:com.google.javascript.jscomp.RhinoErrorReporter$NewRhinoErrorReporter",0,"",0
"com.google.javascript.jscomp.Compiler#hasHaltingErrors##false#com.google.javascript.jscomp.Compiler","","OK:java.lang.Boolean",0,"getMessages()",0
"com.google.javascript.jscomp.Compiler#init#java.util.List,java.util.List,com.google.javascript.jscomp.CompilerOptions#false#com.google.javascript.jscomp.Compiler","<sample:0>|<empty>|<sample:6>","ERR:java.lang.ClassCastException",0,"",0
"com.google.javascript.jscomp.Compiler#setState#com.google.javascript.jscomp.Compiler$IntermediateState#false#com.google.javascript.jscomp.Compiler","<sample:4>","NULL:",0,"",0
"com.google.javascript.jscomp.Compiler#reportCodeChange##false#com.google.javascript.jscomp.Compiler","","NULL:",1,"compile(<sample:1>|<sample:2>|<sample:3>) ; parseSyntheticCode(0|-1.5) ; getRoot()",0
"com.google.javascript.jscomp.Compiler#getInput#java.lang.String#false#com.google.javascript.jscomp.Compiler","PT1H","NULL:",0,"",0
"com.google.javascript.jscomp.Compiler#replaceIncrementalSourceAst#com.google.javascript.jscomp.JsAst#false#com.google.javascript.jscomp.Compiler","<sample:4>","ERR:java.lang.NullPointerException",1,"hasErrors() ; getSourceLine(1.25|2)",0
"com.google.javascript.jscomp.Compiler#getErrorLevel#com.google.javascript.jscomp.JSError#false#com.google.javascript.jscomp.Compiler","<sample:2>","NULL:",0,"",0
"com.google.javascript.jscomp.Compiler#compile#com.google.javascript.jscomp.JSSourceFile,com.google.javascript.jscomp.JSSourceFile,com.google.javascript.jscomp.CompilerOptions#false#com.google.javascript.jscomp.Compiler","<sample:3>|<sample:2>|<sample:1>","OK:com.google.javascript.jscomp.Result",0,"",0
"com.google.javascript.jscomp.Compiler#reportCodeChange##false#com.google.javascript.jscomp.Compiler","","NULL:",1,"compile(<sample:3>|<sample:2>|<sample:3>) ; replaceIncrementalSourceAst(<sample:0>)",0
"com.google.javascript.jscomp.Compiler#addIncrementalSourceAst#com.google.javascript.jscomp.JsAst#false#com.google.javascript.jscomp.Compiler","<sample:3>","NULL:",0,"",0
"com.google.javascript.jscomp.Compiler#getLifeCycleStage##false#com.google.javascript.jscomp.Compiler","","OK:com.google.javascript.jscomp.AbstractCompiler$LifeCycleStage",0,"report(<sample:7>)",0
"com.google.javascript.jscomp.Compiler#getGlobalVarReferences##false#com.google.javascript.jscomp.Compiler","","NULL:",0,"",0
"com.google.javascript.jscomp.Compiler#compile#com.google.javascript.jscomp.JSSourceFile[],com.google.javascript.jscomp.JSSourceFile[],com.google.javascript.jscomp.CompilerOptions#false#com.google.javascript.jscomp.Compiler","<null>|<sample:0>|<null>","ERR:java.lang.NullPointerException",6,"languageMode()",0
"com.google.javascript.jscomp.Compiler#reportCodeChange##false#com.google.javascript.jscomp.Compiler","","NULL:",1,"compile(<sample:3>|<sample:4>|<sample:4>) ; replaceIncrementalSourceAst(<sample:0>)",0
"com.google.javascript.jscomp.Compiler#initOptions#com.google.javascript.jscomp.CompilerOptions#false#com.google.javascript.jscomp.Compiler","<sample:2>","NULL:",0,"",0
"com.google.javascript.jscomp.Compiler#getTypeRegistry##false#com.google.javascript.jscomp.Compiler","","OK:com.google.javascript.rhino.jstype.JSTypeRegistry",0,"acceptEcmaScript5() ; getLifeCycleStage()",0
"com.google.javascript.jscomp.Compiler#getSourceRegion#java.lang.String,int#false#com.google.javascript.jscomp.Compiler","2020-02-30T25:61:61|0","NULL:",0,"",0
"com.google.javascript.jscomp.Compiler#report#com.google.javascript.jscomp.JSError#false#com.google.javascript.jscomp.Compiler","<sample:0>","NULL:",0,"toSourceArray(<sample:2>)",0
"com.google.javascript.jscomp.Compiler#removeChangeHandler#com.google.javascript.jscomp.CodeChangeHandler#false#com.google.javascript.jscomp.Compiler","<sample:5>","NULL:",4,"toSource(<null>|1|<null>)",0
"com.google.javascript.jscomp.Compiler#getNodeForCodeInsertion#com.google.javascript.jscomp.JSModule#false#com.google.javascript.jscomp.Compiler","<sample:5>","ERR:java.lang.IllegalStateException",0,"",0
"com.google.javascript.jscomp.Compiler#rebuildInputsFromModules##false#com.google.javascript.jscomp.Compiler","","NULL:",0,"",0
"com.google.javascript.jscomp.Compiler#reportCodeChange##false#com.google.javascript.jscomp.Compiler","","NULL:",1,"compile(<sample:2>|<sample:5>|<sample:6>) ; parse()",0
"com.google.javascript.jscomp.Compiler#compileModules#java.util.List,java.util.List,com.google.javascript.jscomp.CompilerOptions#false#com.google.javascript.jscomp.Compiler","<sample:1>|<sample:3>|<sample:5>","ERR:java.lang.ClassCastException",0,"",0
"com.google.javascript.jscomp.Compiler#optimize##false#com.google.javascript.jscomp.Compiler","","ERR:java.lang.NullPointerException",6,"report(<sample:3>) ; processDefines()",0
"com.google.javascript.jscomp.Compiler#setState#com.google.javascript.jscomp.Compiler$IntermediateState#false#com.google.javascript.jscomp.Compiler","<sample:2>","ERR:java.lang.NullPointerException",0,"getInputsForTesting()",0
"com.google.javascript.jscomp.Compiler#check##false#com.google.javascript.jscomp.Compiler","","ERR:java.lang.RuntimeException",1,"parseSyntheticCode(1E-5|010)",0
"com.google.javascript.jscomp.Compiler#disableThreads##false#com.google.javascript.jscomp.Compiler","","NULL:",0,"startPass(true) ; compile(<sample:4>|<sample:0>|<null>)",0
"com.google.javascript.jscomp.Compiler#addIncrementalSourceAst#com.google.javascript.jscomp.JsAst#false#com.google.javascript.jscomp.Compiler","<sample:4>","ERR:java.lang.IllegalStateException",0,"",0
"com.google.javascript.jscomp.Compiler#computeCFG##false#com.google.javascript.jscomp.Compiler","","ERR:java.lang.NullPointerException",0,"getErrors()",0
"com.google.javascript.jscomp.Compiler#parseSyntheticCode#java.lang.String#false#com.google.javascript.jscomp.Compiler","removeTryCatchFinally","OK:com.google.javascript.rhino.Node",2,"setLifeCycleStage(<sample:5>)",0
"com.google.javascript.jscomp.Compiler#createPassConfigInternal##false#com.google.javascript.jscomp.Compiler","","OK:com.google.javascript.jscomp.DefaultPassConfig",0,"",0
"com.google.javascript.jscomp.Compiler#getPropertyMap##false#com.google.javascript.jscomp.Compiler","","NULL:",0,"",0
"com.google.javascript.jscomp.Compiler#setLifeCycleStage#com.google.javascript.jscomp.AbstractCompiler$LifeCycleStage#false#com.google.javascript.jscomp.Compiler","<sample:1>","NULL:",0,"isTypeCheckingEnabled() ; hasErrors()",0
"com.google.javascript.jscomp.Compiler#stripCode#java.util.Set,java.util.Set,java.util.Set,java.util.Set#false#com.google.javascript.jscomp.Compiler","<empty>|<sample:0>|<sample:0>|<sample:2>","ERR:java.lang.RuntimeException",0,"getWarnings()",0
"com.google.javascript.jscomp.Compiler#compile#java.util.List,java.util.List,com.google.javascript.jscomp.CompilerOptions#false#com.google.javascript.jscomp.Compiler","<sample:0>|<null>|<sample:7>","ERR:java.lang.NullPointerException",0,"",0
"com.google.javascript.jscomp.Compiler#compile#java.util.List,java.util.List,com.google.javascript.jscomp.CompilerOptions#false#com.google.javascript.jscomp.Compiler","<sample:2>|<sample:1>|<sample:1>","ERR:java.lang.ClassCastException",0,"toSource(<null>)",0
"com.google.javascript.jscomp.Compiler#normalize##false#com.google.javascript.jscomp.Compiler","","ERR:java.lang.RuntimeException",0,"",0
"com.google.javascript.jscomp.Compiler#disableThreads##false#com.google.javascript.jscomp.Compiler","","NULL:",0,"reportCodeChange()",0
"com.google.javascript.jscomp.Compiler#check##false#com.google.javascript.jscomp.Compiler","","ERR:java.lang.NullPointerException",0,"compile(<null>|<empty>|<null>)",0
"com.google.javascript.jscomp.Compiler#removeInput#java.lang.String#false#com.google.javascript.jscomp.Compiler","-1.5","ERR:java.lang.NullPointerException",6,"parse(<sample:3>)",0
"com.google.javascript.jscomp.Compiler#getErrorLevel#com.google.javascript.jscomp.JSError#false#com.google.javascript.jscomp.Compiler","<null>","ERR:java.lang.NullPointerException",0,"newTracer(generateReport)",0
"com.google.javascript.jscomp.Compiler#process#com.google.javascript.jscomp.CompilerPass#false#com.google.javascript.jscomp.Compiler","<sample:7>","NULL:",0,"getSourceMap()",0
"com.google.javascript.jscomp.Compiler#reportCodeChange##false#com.google.javascript.jscomp.Compiler","","NULL:",1,"compile(<empty>|<sample:7>|<sample:5>) ; toSourceArray(<sample:6>) ; initModules(<sample:1>|<empty>|<sample:3>)",0
"com.google.javascript.jscomp.Compiler#getState##false#com.google.javascript.jscomp.Compiler","","OK:com.google.javascript.jscomp.Compiler$IntermediateState",0,"removeInput(Remove try/catch/finally) ; getErrorLevel(<sample:0>)",0
"com.google.javascript.jscomp.Compiler#startPass#java.lang.String#false#com.google.javascript.jscomp.Compiler","-1.5","NULL:",0,"getErrorLevel(<sample:2>)",0
"com.google.javascript.jscomp.Compiler#initModules#java.util.List,java.util.List,com.google.javascript.jscomp.CompilerOptions#false#com.google.javascript.jscomp.Compiler","<sample:0>|<null>|<sample:5>","ERR:java.lang.NullPointerException",0,"",0
"com.google.javascript.jscomp.Compiler#removeInput#java.lang.String#false#com.google.javascript.jscomp.Compiler","+1","NULL:",0,"throwInternalError(1.25|<null>)",0
"com.google.javascript.jscomp.Compiler#getInputsInOrder##false#com.google.javascript.jscomp.Compiler","","OK:java.util.Collections$UnmodifiableRandomAccessList",0,"",0
"com.google.javascript.jscomp.Compiler#getReverseAbstractInterpreter##false#com.google.javascript.jscomp.Compiler","","OK:java.lang.String",0,"",0
"com.google.javascript.jscomp.Compiler#getFunctionalInformationMap##false#com.google.javascript.jscomp.Compiler","","NULL:",0,"",0
"com.google.javascript.jscomp.Compiler#setErrorManager#com.google.javascript.jscomp.ErrorManager#false#com.google.javascript.jscomp.Compiler","<sample:2>","NULL:",3,"disableThreads()",0
"com.google.javascript.jscomp.Compiler#setHasRegExpGlobalReferences#boolean#false#com.google.javascript.jscomp.Compiler","false","NULL:",0,"",0
"com.google.javascript.jscomp.Compiler#process#com.google.javascript.jscomp.CompilerPass#false#com.google.javascript.jscomp.Compiler","<null>","ERR:java.lang.NullPointerException",0,"",0
"com.google.javascript.jscomp.Compiler#initOptions#com.google.javascript.jscomp.CompilerOptions#false#com.google.javascript.jscomp.Compiler","<sample:4>","NULL:",0,"setCssRenamingMap(<sample:7>)",0
"com.google.javascript.jscomp.Compiler#getExternsForTesting##false#com.google.javascript.jscomp.Compiler","","ERR:java.lang.IndexOutOfBoundsException",0,"",0
"com.google.javascript.jscomp.Compiler#processDefines##false#com.google.javascript.jscomp.Compiler","","ERR:java.lang.RuntimeException",0,"addIncrementalSourceAst(<sample:7>)",0
"com.google.javascript.jscomp.Compiler#compile#com.google.javascript.jscomp.JSSourceFile,com.google.javascript.jscomp.JSSourceFile,com.google.javascript.jscomp.CompilerOptions#false#com.google.javascript.jscomp.Compiler","<null>|<sample:3>|<sample:0>","ERR:java.lang.NullPointerException",0,"stripCode(<sample:2>|<null>|<sample:1>|<sample:0>)",0
"com.google.javascript.jscomp.Compiler#getExternsForTesting##false#com.google.javascript.jscomp.Compiler","","OK:java.util.ArrayList$Itr",2,"addIncrementalSourceAst(<null>)",0
"com.google.javascript.jscomp.Compiler#toSourceArray#com.google.javascript.jscomp.JSModule#false#com.google.javascript.jscomp.Compiler","<sample:2>","OK:[Ljava.lang.String;",0,"setHasRegExpGlobalReferences(false) ; areNodesEqualForInlining(<sample:0>|<null>)",0
"com.google.javascript.jscomp.Compiler#parseSyntheticCode#java.lang.String#false#com.google.javascript.jscomp.Compiler","<null>","ERR:java.lang.IllegalStateException",0,"prepareAst(<sample:0>)",0
"com.google.javascript.jscomp.Compiler#compile#com.google.javascript.jscomp.JSSourceFile,com.google.javascript.jscomp.JSModule[],com.google.javascript.jscomp.CompilerOptions#false#com.google.javascript.jscomp.Compiler","<sample:6>|<sample:0>|<sample:7>","OK:com.google.javascript.jscomp.Result",0,"",0
"com.google.javascript.jscomp.Compiler#getSourceLine#java.lang.String,int#false#com.google.javascript.jscomp.Compiler","1e10|0","NULL:",0,"",0
"com.google.javascript.jscomp.Compiler#acceptConstKeyword##false#com.google.javascript.jscomp.Compiler","","OK:java.lang.Boolean",7,"updateGlobalVarReferences(<sample:2>|<sample:7>) ; toSource(<null>|-2147483648|<sample:6>)",0
"com.google.javascript.jscomp.Compiler#getErrorCount##false#com.google.javascript.jscomp.Compiler","","ERR:java.lang.NullPointerException",4,"getSourceLine(toSource|-2147483648)",0
"com.google.javascript.jscomp.Compiler#parse#com.google.javascript.jscomp.JSSourceFile#false#com.google.javascript.jscomp.Compiler","<sample:4>","OK:com.google.javascript.rhino.Node",0,"",0
"com.google.javascript.jscomp.Compiler#compile#com.google.javascript.jscomp.JSSourceFile[],com.google.javascript.jscomp.JSModule[],com.google.javascript.jscomp.CompilerOptions#false#com.google.javascript.jscomp.Compiler","<sample:1>|<empty>|<sample:2>","OK:com.google.javascript.jscomp.Result",0,"getErrorLevel(<sample:2>)",0
"com.google.javascript.jscomp.Compiler#getErrorCount##false#com.google.javascript.jscomp.Compiler","","OK:java.lang.Integer",6,"setLifeCycleStage(<sample:4>) ; getErrorManager()",0
"com.google.javascript.jscomp.Compiler#addChangeHandler#com.google.javascript.jscomp.CodeChangeHandler#false#com.google.javascript.jscomp.Compiler","<sample:4>","NULL:",0,"",0
"com.google.javascript.jscomp.Compiler#toSource##false#com.google.javascript.jscomp.Compiler","","OK:java.lang.String",0,"",0
"com.google.javascript.jscomp.Compiler#getLifeCycleStage##false#com.google.javascript.jscomp.Compiler","","OK:com.google.javascript.jscomp.AbstractCompiler$LifeCycleStage",0,"getRoot() ; compile(<sample:3>|<sample:3>|<null>)",0
"com.google.javascript.jscomp.Compiler#prepareAst#com.google.javascript.rhino.Node#false#com.google.javascript.jscomp.Compiler","<sample:5>","ERR:java.lang.NullPointerException",6,"hasHaltingErrors()",0
"com.google.javascript.jscomp.Compiler#getDiagnosticGroups##false#com.google.javascript.jscomp.Compiler","","OK:com.google.javascript.jscomp.DiagnosticGroups",0,"",0
"com.google.javascript.jscomp.Compiler#parseSyntheticCode#java.lang.String,java.lang.String#false#com.google.javascript.jscomp.Compiler","1.5d|1.5e300","OK:com.google.javascript.rhino.Node",1,"compile(<sample:4>|<sample:0>|<sample:5>)",0
"com.google.javascript.jscomp.Compiler#isInliningForbidden##false#com.google.javascript.jscomp.Compiler","","OK:java.lang.Boolean",0,"",0
"com.google.javascript.jscomp.Compiler#toSourceArray##false#com.google.javascript.jscomp.Compiler","","OK:[Ljava.lang.String;",0,"getSourceLine(-1|1048576)",0
"com.google.javascript.jscomp.Compiler#isTypeCheckingEnabled##false#com.google.javascript.jscomp.Compiler","","OK:java.lang.Boolean",3,"getReverseAbstractInterpreter()",0
"com.google.javascript.jscomp.Compiler#getCssRenamingMap##false#com.google.javascript.jscomp.Compiler","","NULL:",0,"",0
"com.google.javascript.jscomp.Compiler#getSourceMap##false#com.google.javascript.jscomp.Compiler","","NULL:",0,"isIdeMode() ; toSource()",0
"com.google.javascript.jscomp.Compiler#compile#com.google.javascript.jscomp.JSSourceFile,com.google.javascript.jscomp.JSSourceFile[],com.google.javascript.jscomp.CompilerOptions#false#com.google.javascript.jscomp.Compiler","<sample:5>|<sample:7>|<sample:3>","OK:com.google.javascript.jscomp.Result",0,"",0
"com.google.javascript.jscomp.Compiler#toSource#com.google.javascript.jscomp.JSModule#false#com.google.javascript.jscomp.Compiler","<null>","ERR:java.lang.RuntimeException",0,"",0
"com.google.javascript.jscomp.Compiler#getPassConfig##false#com.google.javascript.jscomp.Compiler","","OK:com.google.javascript.jscomp.DefaultPassConfig",0,"",0
"com.google.javascript.jscomp.Compiler#getInputsForTesting##false#com.google.javascript.jscomp.Compiler","","OK:java.util.ArrayList",3,"acceptConstKeyword()",0
"com.google.javascript.jscomp.Compiler#runCallable#java.util.concurrent.Callable,boolean,boolean#true#com.google.javascript.jscomp.Compiler","<sample:3>|true|false","OK:java.lang.Integer",0,"",0
"com.google.javascript.jscomp.Compiler#parseSyntheticCode#java.lang.String,java.lang.String#false#com.google.javascript.jscomp.Compiler","i| ","OK:com.google.javascript.rhino.Node",0,"compile(<sample:6>|<sample:0>|<sample:3>)",0
"com.google.javascript.jscomp.Compiler#processDefines##false#com.google.javascript.jscomp.Compiler","","ERR:java.lang.NullPointerException",0,"compileModules(<sample:1>|<sample:0>|<null>)",0
"com.google.javascript.jscomp.Compiler#hasRegExpGlobalReferences##false#com.google.javascript.jscomp.Compiler","","OK:java.lang.Boolean",1,"process(<sample:4>) ; startPass(Bad module: )",0
"com.google.javascript.jscomp.Compiler#getResult##false#com.google.javascript.jscomp.Compiler","","ERR:java.lang.NullPointerException",4,"disableThreads()",0
"com.google.javascript.jscomp.Compiler#setCssRenamingMap#com.google.javascript.jscomp.CssRenamingMap#false#com.google.javascript.jscomp.Compiler","<null>","NULL:",0,"",0
"com.google.javascript.jscomp.Compiler#getTypeRegistry##false#com.google.javascript.jscomp.Compiler","","OK:com.google.javascript.rhino.jstype.PrototypeObjectType",0,"",0
"com.google.javascript.jscomp.Compiler#newTracer#java.lang.String#false#com.google.javascript.jscomp.Compiler","","OK:com.google.javascript.jscomp.Tracer",6,"setPassConfig(<sample:1>) ; parse(<sample:6>)",0
"com.google.javascript.jscomp.Compiler#removeChangeHandler#com.google.javascript.jscomp.CodeChangeHandler#false#com.google.javascript.jscomp.Compiler","<sample:1>","NULL:",0,"compile(<sample:3>|<null>|<sample:6>)",0
"com.google.javascript.jscomp.Compiler#addIncrementalSourceAst#com.google.javascript.jscomp.JsAst#false#com.google.javascript.jscomp.Compiler","<null>","ERR:java.lang.NullPointerException",0,"compile(<sample:1>|<sample:0>|<sample:4>)",0
"com.google.javascript.jscomp.Compiler#getParserConfig##false#com.google.javascript.jscomp.Compiler","","OK:com.google.javascript.jscomp.parsing.Config",0,"getMessages()",0
"com.google.javascript.jscomp.Compiler#parseSyntheticCode#java.lang.String,java.lang.String#false#com.google.javascript.jscomp.Compiler","externExports|1.5f","OK:com.google.javascript.rhino.Node",0,"",0
"com.google.javascript.jscomp.Compiler#acceptConstKeyword##false#com.google.javascript.jscomp.Compiler","","OK:java.lang.Boolean",0,"removeTryCatchFinally()",0
"com.google.javascript.jscomp.Compiler#getErrorManager##false#com.google.javascript.jscomp.Compiler","","OK:[Lcom.google.javascript.jscomp.JSError;",0,"isIdeMode()",0
"com.google.javascript.jscomp.Compiler#getTopScope##false#com.google.javascript.jscomp.Compiler","","NULL:",0,"",0
"com.google.javascript.jscomp.Compiler#init#com.google.javascript.jscomp.JSSourceFile[],com.google.javascript.jscomp.JSSourceFile[],com.google.javascript.jscomp.CompilerOptions#false#com.google.javascript.jscomp.Compiler","<sample:2>|<sample:5>|<sample:2>","NULL:",0,"",0
"com.google.javascript.jscomp.Compiler#getSourceRegion#java.lang.String,int#false#com.google.javascript.jscomp.Compiler","-1.5|10","NULL:",1,"startPass(true) ; toSource(<sample:0>)",0
"com.google.javascript.jscomp.Compiler#newExternInput#java.lang.String#false#com.google.javascript.jscomp.Compiler","2147483648","ERR:java.lang.NullPointerException",4,"getSourceLine(toSourceArray|1048576)",0
"com.google.javascript.jscomp.Compiler#getWarnings##false#com.google.javascript.jscomp.Compiler","","OK:[Lcom.google.javascript.jscomp.JSError;",0,"addToDebugLog(Title) ; getFunctionalInformationMap()",0
"com.google.javascript.jscomp.Compiler#isIdeMode##false#com.google.javascript.jscomp.Compiler","","OK:java.lang.Boolean",0,"",0
"com.google.javascript.jscomp.Compiler#initInputsByNameMap##false#com.google.javascript.jscomp.Compiler","","NULL:",0,"",0
"com.google.javascript.jscomp.Compiler#runCallable#java.util.concurrent.Callable,boolean,boolean#true#com.google.javascript.jscomp.Compiler","<sample:1>|false|false","OK:java.lang.Integer",0,"",0
"com.google.javascript.jscomp.Compiler#addToDebugLog#java.lang.String#false#com.google.javascript.jscomp.Compiler","1.5","NULL:",0,"",0
"com.google.javascript.jscomp.Compiler#precheck##false#com.google.javascript.jscomp.Compiler","","OK:java.lang.Boolean",0,"",0
"com.google.javascript.jscomp.Compiler#init#com.google.javascript.jscomp.JSSourceFile[],com.google.javascript.jscomp.JSSourceFile[],com.google.javascript.jscomp.CompilerOptions#false#com.google.javascript.jscomp.Compiler","<sample:1>|<sample:1>|<null>","ERR:java.lang.NullPointerException",0,"throwInternalError(toSource|<sample:3>)",0
"com.google.javascript.jscomp.Compiler#getAstDotGraph##false#com.google.javascript.jscomp.Compiler","","OK:java.lang.String",0,"",0
"com.google.javascript.jscomp.Compiler#compile#com.google.javascript.jscomp.JSSourceFile,com.google.javascript.jscomp.JSSourceFile[],com.google.javascript.jscomp.CompilerOptions#false#com.google.javascript.jscomp.Compiler","<sample:6>|<sample:7>|<sample:6>","OK:com.google.javascript.jscomp.Result",0,"compile(<null>|<sample:1>|<sample:5>)",0
"com.google.javascript.jscomp.Compiler#parse#com.google.javascript.jscomp.JSSourceFile#false#com.google.javascript.jscomp.Compiler","<sample:6>","NULL:",0,"recordFunctionInformation() ; setLifeCycleStage(<sample:3>)",0
"com.google.javascript.jscomp.Compiler#parseTestCode#java.lang.String#false#com.google.javascript.jscomp.Compiler","1.12345678901234567","OK:com.google.javascript.rhino.Node",0,"isInliningForbidden()",0
"com.google.javascript.jscomp.Compiler#compile#com.google.javascript.jscomp.JSSourceFile[],com.google.javascript.jscomp.JSModule[],com.google.javascript.jscomp.CompilerOptions#false#com.google.javascript.jscomp.Compiler","<sample:7>|<empty>|<sample:0>","OK:com.google.javascript.jscomp.Result",0,"",0
"com.google.javascript.jscomp.Compiler#hasHaltingErrors##false#com.google.javascript.jscomp.Compiler","","ERR:java.lang.NullPointerException",4,"getVariableMap()",0
"com.google.javascript.jscomp.Compiler#parse#com.google.javascript.jscomp.JSSourceFile#false#com.google.javascript.jscomp.Compiler","<sample:4>","ERR:java.lang.IllegalStateException",0,"",0
"com.google.javascript.jscomp.Compiler#getErrorLevel#com.google.javascript.jscomp.JSError#false#com.google.javascript.jscomp.Compiler","<sample:1>","NULL:",1,"getSourceLine(I|10)",0
"com.google.javascript.jscomp.Compiler#init#com.google.javascript.jscomp.JSSourceFile[],com.google.javascript.jscomp.JSSourceFile[],com.google.javascript.jscomp.CompilerOptions#false#com.google.javascript.jscomp.Compiler","<sample:7>|<sample:3>|<sample:0>","NULL:",0,"getModuleGraph()",0
"com.google.javascript.jscomp.Compiler#stripCode#java.util.Set,java.util.Set,java.util.Set,java.util.Set#false#com.google.javascript.jscomp.Compiler","<sample:1>|<empty>|<sample:2>|<null>","ERR:java.lang.NullPointerException",0,"getPassConfig() ; computeCFG()",0
"com.google.javascript.jscomp.Compiler#normalize##false#com.google.javascript.jscomp.Compiler","","ERR:java.lang.IllegalStateException",0,"getFunctionalInformationMap() ; recordFunctionInformation()",0
"com.google.javascript.jscomp.Compiler#getLifeCycleStage##false#com.google.javascript.jscomp.Compiler","","OK:com.google.javascript.jscomp.AbstractCompiler$LifeCycleStage",0,"parse(<sample:1>) ; report(<sample:3>)",0
"com.google.javascript.jscomp.Compiler#initModules#java.util.List,java.util.List,com.google.javascript.jscomp.CompilerOptions#false#com.google.javascript.jscomp.Compiler","<sample:2>|<sample:3>|<sample:4>","ERR:java.lang.ClassCastException",0,"",0
"com.google.javascript.jscomp.Compiler#getExternsForTesting##false#com.google.javascript.jscomp.Compiler","","OK:java.lang.Integer",0,"setCssRenamingMap(<sample:5>)",0
