LinesTotal,LinesCovered,ConditionsTotal,ConditionsCovered
403,249,242,132
