version,lines_total,lines_covered,line_coverage,conditions_total,conditions_covered,branch_coverage
Buggy,106,87,82.1,58,41,70.7
Fixed,106,87,82.1,62,43,69.4
