target,args,referenceOutcome,receiverVariant,setupCalls,localeEnvironment
"org.apache.commons.jxpath.ri.model.dom.DOMNodePointer#getValue##false#org.apache.commons.jxpath.ri.model.dom.DOMNodePointer","","OK:java.lang.String",0,"getName()",0
"org.apache.commons.jxpath.ri.model.dom.DOMNodePointer#createAttribute#org.apache.commons.jxpath.JXPathContext,org.apache.commons.jxpath.ri.QName#false#org.apache.commons.jxpath.ri.model.dom.DOMNodePointer","<sample:2>|<sample:2>","ERR:org.apache.commons.jxpath.JXPathException",5,"getPointerByKey(<sample:7>|L1.5d|1.2r5)",0
"org.apache.commons.jxpath.ri.model.dom.DOMNodePointer#printPointerChain##false#org.apache.commons.jxpath.ri.model.dom.DOMNodePointer","","NULL:",0,"createAttribute(<sample:7>|<sample:0>) ; getParent()",0
"org.apache.commons.jxpath.ri.model.jdom.JDOMNodePointer#getPrefix#java.lang.Object#true#org.apache.commons.jxpath.ri.model.jdom.JDOMNodePointer","<i:1>","NULL:",0,"",0
"org.apache.commons.jxpath.ri.model.jdom.JDOMNodePointer#getLocalName#java.lang.Object#true#org.apache.commons.jxpath.ri.model.jdom.JDOMNodePointer","<d:1.5>","NULL:",0,"",0
"org.apache.commons.jxpath.ri.model.jdom.JDOMNodePointer#clone##false#org.apache.commons.jxpath.ri.model.jdom.JDOMNodePointer","","OK:java.lang.Boolean",0,"",0
"org.apache.commons.jxpath.ri.model.dom.DOMNodePointer#getImmediateNode##false#org.apache.commons.jxpath.ri.model.dom.DOMNodePointer","","OK:com.sun.org.apache.xerces.internal.dom.DeferredElementImpl",0,"testNode(<sample:7>)",0
"org.apache.commons.jxpath.ri.model.jdom.JDOMNodePointer#testNode#org.apache.commons.jxpath.ri.compiler.NodeTest#false#org.apache.commons.jxpath.ri.model.jdom.JDOMNodePointer","<sample:7>","OK:java.lang.Boolean",6,"isRoot()",0
"org.apache.commons.jxpath.ri.model.dom.DOMNodePointer#createChild#org.apache.commons.jxpath.JXPathContext,org.apache.commons.jxpath.ri.QName,int#false#org.apache.commons.jxpath.ri.model.dom.DOMNodePointer","<sample:3>|<sample:8>|-2147483647","ERR:org.apache.commons.jxpath.JXPathException",7,"getName()",0
"org.apache.commons.jxpath.ri.model.dom.DOMNodePointer#testNode#org.w3c.dom.Node,org.apache.commons.jxpath.ri.compiler.NodeTest#true#org.apache.commons.jxpath.ri.model.dom.DOMNodePointer","<sample:7>|<sample:3>","OK:java.lang.Boolean",0,"",0
"org.apache.commons.jxpath.ri.model.jdom.JDOMNodePointer#setValue#java.lang.Object#false#org.apache.commons.jxpath.ri.model.jdom.JDOMNodePointer","<s:a>","ERR:java.lang.ClassCastException",0,"hashCode() ; equals(<s::>)",0
"org.apache.commons.jxpath.ri.model.jdom.JDOMNodePointer#createChild#org.apache.commons.jxpath.JXPathContext,org.apache.commons.jxpath.ri.QName,int#false#org.apache.commons.jxpath.ri.model.jdom.JDOMNodePointer","<sample:2>|<sample:2>|-2147483648","ERR:org.apache.commons.jxpath.JXPathException",0,"",0
"org.apache.commons.jxpath.ri.model.dom.DOMNodePointer#testNode#org.apache.commons.jxpath.ri.compiler.NodeTest#false#org.apache.commons.jxpath.ri.model.dom.DOMNodePointer","<sample:4>","OK:java.lang.Boolean",1,"getPointerByID(<sample:5>|é)",0
"org.apache.commons.jxpath.ri.model.dom.DOMNodePointer#getNamespaceURI#org.w3c.dom.Node#true#org.apache.commons.jxpath.ri.model.dom.DOMNodePointer","<sample:0>","NULL:",0,"",0
"org.apache.commons.jxpath.ri.model.dom.DOMNodePointer#createAttribute#org.apache.commons.jxpath.JXPathContext,org.apache.commons.jxpath.ri.QName#false#org.apache.commons.jxpath.ri.model.dom.DOMNodePointer","<sample:0>|<sample:16>","OK:org.apache.commons.jxpath.ri.model.dom.DOMAttributePointer",0,"",0
"org.apache.commons.jxpath.ri.model.jdom.JDOMNodePointer#getImmediateValuePointer##false#org.apache.commons.jxpath.ri.model.jdom.JDOMNodePointer","","OK:org.apache.commons.jxpath.ri.model.jdom.JDOMNamespaceIterator",0,"createChild(<sample:4>|<null>|-2|<d:0.75>)",0
"org.apache.commons.jxpath.ri.model.dom.DOMNodePointer#createAttribute#org.apache.commons.jxpath.JXPathContext,org.apache.commons.jxpath.ri.QName#false#org.apache.commons.jxpath.ri.model.dom.DOMNodePointer","<sample:5>|<sample:6>","ERR:org.apache.commons.jxpath.JXPathException",0,"createPath(<sample:2>|<s:b>) ; attributeIterator(<sample:9>)",2
"org.apache.commons.jxpath.ri.model.dom.DOMNodePointer#remove##false#org.apache.commons.jxpath.ri.model.dom.DOMNodePointer","","ERR:org.apache.commons.jxpath.JXPathException",7,"asPath()",0
"org.apache.commons.jxpath.ri.model.jdom.JDOMNodePointer#equals#java.lang.Object#false#org.apache.commons.jxpath.ri.model.jdom.JDOMNodePointer","<s:X>","OK:java.lang.Boolean",0,"getValue()",1
"org.apache.commons.jxpath.ri.model.jdom.JDOMNodePointer#remove##false#org.apache.commons.jxpath.ri.model.jdom.JDOMNodePointer","","ERR:org.apache.commons.jxpath.JXPathException",0,"getBaseValue()",3
"org.apache.commons.jxpath.ri.model.dom.DOMNodePointer#namespacePointer#java.lang.String#false#org.apache.commons.jxpath.ri.model.dom.DOMNodePointer","TITLE","OK:org.apache.commons.jxpath.ri.model.dom.NamespacePointer",7,"getNode() ; isLanguage(PT1Hnode())",0
"org.apache.commons.jxpath.ri.model.dom.DOMNodePointer#testNode#org.w3c.dom.Node,org.apache.commons.jxpath.ri.compiler.NodeTest#true#org.apache.commons.jxpath.ri.model.dom.DOMNodePointer","<sample:7>|<sample:7>","OK:java.lang.Boolean",0,"",0
"org.apache.commons.jxpath.ri.model.dom.DOMNodePointer#testNode#org.apache.commons.jxpath.ri.compiler.NodeTest#false#org.apache.commons.jxpath.ri.model.dom.DOMNodePointer","<sample:1>","OK:java.lang.Boolean",3,"toString()",0
"org.apache.commons.jxpath.ri.model.jdom.JDOMNodePointer#namespacePointer#java.lang.String#false#org.apache.commons.jxpath.ri.model.jdom.JDOMNodePointer","laW","OK:org.apache.commons.jxpath.ri.model.jdom.JDOMNamespacePointer",4,"getLength() ; getName()",0
"org.apache.commons.jxpath.ri.model.dom.DOMNodePointer#getNamespaceURI#java.lang.String#false#org.apache.commons.jxpath.ri.model.dom.DOMNodePointer","<null>","NULL:",1,"getIndex()",2
"org.apache.commons.jxpath.ri.model.jdom.JDOMNodePointer#isLanguage#java.lang.String#false#org.apache.commons.jxpath.ri.model.jdom.JDOMNodePointer","-6346532297491082651","OK:java.lang.Boolean",2,"createChild(<sample:2>|<sample:7>|2|<i:-58>)",0
"org.apache.commons.jxpath.ri.model.jdom.JDOMNodePointer#compareChildNodePointers#org.apache.commons.jxpath.ri.model.NodePointer,org.apache.commons.jxpath.ri.model.NodePointer#false#org.apache.commons.jxpath.ri.model.jdom.JDOMNodePointer","<sample:10>|<sample:0>","ERR:java.lang.RuntimeException",3,"isRoot()",0
"org.apache.commons.jxpath.ri.model.jdom.JDOMNodePointer#testNode#org.apache.commons.jxpath.ri.model.NodePointer,java.lang.Object,org.apache.commons.jxpath.ri.compiler.NodeTest#true#org.apache.commons.jxpath.ri.model.jdom.JDOMNodePointer","<sample:2>|<s:>|<null>","OK:java.lang.Boolean",0,"",0
"org.apache.commons.jxpath.ri.model.dom.DOMNodePointer#testNode#org.w3c.dom.Node,org.apache.commons.jxpath.ri.compiler.NodeTest#true#org.apache.commons.jxpath.ri.model.dom.DOMNodePointer","<sample:0>|<sample:7>","OK:java.lang.Boolean",0,"",0
"org.apache.commons.jxpath.ri.model.dom.DOMNodePointer#toString##false#org.apache.commons.jxpath.ri.model.dom.DOMNodePointer","","OK:java.lang.String",5,"createPath(<sample:0>|<s:>) ; toString()",0
"org.apache.commons.jxpath.ri.model.dom.DOMNodePointer#createPath#org.apache.commons.jxpath.JXPathContext,java.lang.Object#false#org.apache.commons.jxpath.ri.model.dom.DOMNodePointer","<null>|<s:>","OK:org.apache.commons.jxpath.ri.model.dom.DOMNodePointer",2,"equals(<s:b>) ; getImmediateValuePointer()",0
"org.apache.commons.jxpath.ri.model.dom.DOMNodePointer#setAttribute#boolean#false#org.apache.commons.jxpath.ri.model.dom.DOMNodePointer","true","NULL:",2,"getValue() ; createPath(<sample:1>)",0
"org.apache.commons.jxpath.ri.model.jdom.JDOMNodePointer#attributeIterator#org.apache.commons.jxpath.ri.QName#false#org.apache.commons.jxpath.ri.model.jdom.JDOMNodePointer","<sample:6>","OK:org.apache.commons.jxpath.ri.model.jdom.JDOMAttributeIterator",7,"testNode(<sample:3>)",3
"org.apache.commons.jxpath.ri.model.jdom.JDOMNodePointer#childIterator#org.apache.commons.jxpath.ri.compiler.NodeTest,boolean,org.apache.commons.jxpath.ri.model.NodePointer#false#org.apache.commons.jxpath.ri.model.jdom.JDOMNodePointer","<sample:2>|false|<sample:6>","OK:java.lang.Boolean",0,"testNode(<sample:4>)",0
"org.apache.commons.jxpath.ri.model.dom.DOMNodePointer#testNode#org.w3c.dom.Node,org.apache.commons.jxpath.ri.compiler.NodeTest#true#org.apache.commons.jxpath.ri.model.dom.DOMNodePointer","<sample:4>|<sample:2>","OK:java.lang.Boolean",0,"",0
"org.apache.commons.jxpath.ri.model.dom.DOMNodePointer#namespaceIterator##false#org.apache.commons.jxpath.ri.model.dom.DOMNodePointer","","OK:org.apache.commons.jxpath.ri.model.dom.DOMNamespaceIterator",0,"isDefaultNamespace(xmlns)",3
"org.apache.commons.jxpath.ri.model.dom.DOMNodePointer#compareChildNodePointers#org.apache.commons.jxpath.ri.model.NodePointer,org.apache.commons.jxpath.ri.model.NodePointer#false#org.apache.commons.jxpath.ri.model.dom.DOMNodePointer","<sample:10>|<sample:10>","OK:java.lang.Integer",0,"getNamespaceURI(w)",0
"org.apache.commons.jxpath.ri.model.dom.DOMNodePointer#testNode#org.apache.commons.jxpath.ri.compiler.NodeTest#false#org.apache.commons.jxpath.ri.model.dom.DOMNodePointer","<sample:0>","OK:java.lang.Boolean",0,"getLanguage() ; createPath(<sample:0>|<null>)",2
"org.apache.commons.jxpath.ri.model.jdom.JDOMNodePointer#compareChildNodePointers#org.apache.commons.jxpath.ri.model.NodePointer,org.apache.commons.jxpath.ri.model.NodePointer#false#org.apache.commons.jxpath.ri.model.jdom.JDOMNodePointer","<sample:6>|<sample:3>","OK:java.lang.Integer",2,"createAttribute(<sample:5>|<sample:5>) ; getPointerByID(<sample:2>|-0<)",0
"org.apache.commons.jxpath.ri.model.dom.DOMNodePointer#getImmediateValuePointer##false#org.apache.commons.jxpath.ri.model.dom.DOMNodePointer","","NULL:",0,"isDefaultNamespace() ; hashCode()",2
"org.apache.commons.jxpath.ri.model.dom.DOMNodePointer#childIterator#org.apache.commons.jxpath.ri.compiler.NodeTest,boolean,org.apache.commons.jxpath.ri.model.NodePointer#false#org.apache.commons.jxpath.ri.model.dom.DOMNodePointer","<sample:6>|true|<null>","OK:java.lang.Integer",0,"createChild(<sample:1>|<sample:3>|-2147483648|<sample:1>)",0
"org.apache.commons.jxpath.ri.model.dom.DOMNodePointer#compareChildNodePointers#org.apache.commons.jxpath.ri.model.NodePointer,org.apache.commons.jxpath.ri.model.NodePointer#false#org.apache.commons.jxpath.ri.model.dom.DOMNodePointer","<sample:1>|<sample:6>","ERR:java.lang.ClassCastException",3,"testNode(<sample:13>) ; namespaceIterator()",0
"org.apache.commons.jxpath.ri.model.jdom.JDOMNodePointer#testNode#org.apache.commons.jxpath.ri.compiler.NodeTest#false#org.apache.commons.jxpath.ri.model.jdom.JDOMNodePointer","<sample:13>","OK:java.lang.Boolean",0,"",0
"org.apache.commons.jxpath.ri.model.dom.DOMNodePointer#createPath#org.apache.commons.jxpath.JXPathContext#false#org.apache.commons.jxpath.ri.model.dom.DOMNodePointer","<sample:6>","OK:org.apache.commons.jxpath.ri.model.dom.DOMNodePointer",7,"createChild(<sample:7>|<sample:6>|0|<i:-16777217>)",3
"org.apache.commons.jxpath.ri.model.dom.DOMNodePointer#createPath#org.apache.commons.jxpath.JXPathContext,java.lang.Object#false#org.apache.commons.jxpath.ri.model.dom.DOMNodePointer","<sample:10>|<i:-1>","OK:java.lang.Integer",5,"getImmediateParentPointer() ; getValue()",2
"org.apache.commons.jxpath.ri.model.dom.DOMNodePointer#testNode#org.apache.commons.jxpath.ri.compiler.NodeTest#false#org.apache.commons.jxpath.ri.model.dom.DOMNodePointer","<sample:13>","OK:java.lang.Boolean",5,"getParent() ; namespaceIterator()",0
"org.apache.commons.jxpath.ri.model.dom.DOMNodePointer#createChild#org.apache.commons.jxpath.JXPathContext,org.apache.commons.jxpath.ri.QName,int#false#org.apache.commons.jxpath.ri.model.dom.DOMNodePointer","<null>|<sample:8>|2147483647","ERR:java.lang.NullPointerException",0,"remove() ; getBaseValue()",3
"org.apache.commons.jxpath.ri.model.dom.DOMNodePointer#testNode#org.w3c.dom.Node,org.apache.commons.jxpath.ri.compiler.NodeTest#true#org.apache.commons.jxpath.ri.model.dom.DOMNodePointer","<sample:1>|<sample:19>","OK:java.lang.Boolean",0,"",2
"org.apache.commons.jxpath.ri.model.jdom.JDOMNodePointer#isLeaf##false#org.apache.commons.jxpath.ri.model.jdom.JDOMNodePointer","","OK:java.lang.Boolean",4,"",1
"org.apache.commons.jxpath.ri.model.dom.DOMNodePointer#getNamespaceURI##false#org.apache.commons.jxpath.ri.model.dom.DOMNodePointer","","ERR:java.lang.ClassCastException",6,"attributeIterator(<sample:6>)",2
"org.apache.commons.jxpath.ri.model.jdom.JDOMNodePointer#createChild#org.apache.commons.jxpath.JXPathContext,org.apache.commons.jxpath.ri.QName,int,java.lang.Object#false#org.apache.commons.jxpath.ri.model.jdom.JDOMNodePointer","<sample:4>|<sample:0>|0|<d:0.75>","ERR:org.apache.commons.jxpath.JXPathException",0,"getNamespaceURI() ; getImmediateValuePointer()",2
"org.apache.commons.jxpath.ri.model.dom.DOMNodePointer#createAttribute#org.apache.commons.jxpath.JXPathContext,org.apache.commons.jxpath.ri.QName#false#org.apache.commons.jxpath.ri.model.dom.DOMNodePointer","<sample:5>|<null>","ERR:java.lang.NullPointerException",0,"getImmediateParentPointer()",1
"org.apache.commons.jxpath.ri.model.dom.DOMNodePointer#compareTo#java.lang.Object#false#org.apache.commons.jxpath.ri.model.dom.DOMNodePointer","<s:a>","ERR:java.lang.ClassCastException",6,"",3
"org.apache.commons.jxpath.ri.model.dom.DOMNodePointer#childIterator#org.apache.commons.jxpath.ri.compiler.NodeTest,boolean,org.apache.commons.jxpath.ri.model.NodePointer#false#org.apache.commons.jxpath.ri.model.dom.DOMNodePointer","<sample:5>|false|<sample:6>","ERR:java.lang.ClassCastException",4,"getLanguage()",2
"org.apache.commons.jxpath.ri.model.jdom.JDOMNodePointer#getRootNode##false#org.apache.commons.jxpath.ri.model.jdom.JDOMNodePointer","","OK:java.lang.Boolean",6,"createPath(<sample:0>|<i:-16777217>)",2
"org.apache.commons.jxpath.ri.model.dom.DOMNodePointer#setNamespaceResolver#org.apache.commons.jxpath.ri.NamespaceResolver#false#org.apache.commons.jxpath.ri.model.dom.DOMNodePointer","<sample:0>","NULL:",1,"",2
"org.apache.commons.jxpath.ri.model.jdom.JDOMNodePointer#isAttribute##false#org.apache.commons.jxpath.ri.model.jdom.JDOMNodePointer","","OK:java.lang.Boolean",0,"getLength()",2
"org.apache.commons.jxpath.ri.model.jdom.JDOMNodePointer#isDefaultNamespace#java.lang.String#false#org.apache.commons.jxpath.ri.model.jdom.JDOMNodePointer","/text()&quot;","OK:java.lang.Boolean",0,"getParent()",2
"org.apache.commons.jxpath.ri.model.jdom.JDOMNodePointer#isLanguage#java.lang.String#false#org.apache.commons.jxpath.ri.model.jdom.JDOMNodePointer"," ","OK:java.lang.Boolean",0,"isActual() ; setNamespaceResolver(<sample:6>)",2
"org.apache.commons.jxpath.ri.model.dom.DOMNodePointer#getNamespaceURI#org.w3c.dom.Node#true#org.apache.commons.jxpath.ri.model.dom.DOMNodePointer","<sample:4>","ERR:java.lang.ClassCastException",0,"",3
"org.apache.commons.jxpath.ri.model.dom.DOMNodePointer#clone##false#org.apache.commons.jxpath.ri.model.dom.DOMNodePointer","","OK:org.apache.commons.jxpath.ri.model.dom.DOMNodePointer",0,"",2
"org.apache.commons.jxpath.ri.model.dom.DOMNodePointer#isLanguage#java.lang.String#false#org.apache.commons.jxpath.ri.model.dom.DOMNodePointer","lfang","ERR:java.lang.NullPointerException",0,"",1
"org.apache.commons.jxpath.ri.model.dom.DOMNodePointer#compareChildNodePointers#org.apache.commons.jxpath.ri.model.NodePointer,org.apache.commons.jxpath.ri.model.NodePointer#false#org.apache.commons.jxpath.ri.model.dom.DOMNodePointer","<sample:4>|<sample:7>","ERR:java.lang.ClassCastException",0,"getRootNode()",3
"org.apache.commons.jxpath.ri.model.dom.DOMNodePointer#isLanguage#java.lang.String#false#org.apache.commons.jxpath.ri.model.dom.DOMNodePointer","<null>","ERR:java.lang.NullPointerException",4,"",3
"org.apache.commons.jxpath.ri.model.dom.DOMNodePointer#getNamespaceURI#java.lang.String#false#org.apache.commons.jxpath.ri.model.dom.DOMNodePointer","1/25","NULL:",0,"childIterator(<sample:6>|false|<sample:5>)",2
"org.apache.commons.jxpath.ri.model.jdom.JDOMNodePointer#newNodePointer#org.apache.commons.jxpath.ri.QName,java.lang.Object,java.util.Locale#true#org.apache.commons.jxpath.ri.model.jdom.JDOMNodePointer","<sample:0>|<s:kFXy>|<sample:0>","ERR:org.apache.commons.jxpath.JXPathException",0,"",2
"org.apache.commons.jxpath.ri.model.dom.DOMNodePointer#createChild#org.apache.commons.jxpath.JXPathContext,org.apache.commons.jxpath.ri.QName,int#false#org.apache.commons.jxpath.ri.model.dom.DOMNodePointer","<sample:5>|<sample:16>|-1","ERR:org.apache.commons.jxpath.JXPathException",2,"setIndex(1073741839)",3
"org.apache.commons.jxpath.ri.model.jdom.JDOMNodePointer#getNode##false#org.apache.commons.jxpath.ri.model.jdom.JDOMNodePointer","","OK:java.lang.Integer",0,"",3
"org.apache.commons.jxpath.ri.model.jdom.JDOMNodePointer#getIndex##false#org.apache.commons.jxpath.ri.model.jdom.JDOMNodePointer","","OK:java.lang.Integer",0,"getParent()",2
"org.apache.commons.jxpath.ri.model.jdom.JDOMNodePointer#namespacePointer#java.lang.String#false#org.apache.commons.jxpath.ri.model.jdom.JDOMNodePointer","<<unknown namespace>>","OK:java.lang.Boolean",6,"equals(<s:5>)",1
"org.apache.commons.jxpath.ri.model.dom.DOMNodePointer#getLanguage##false#org.apache.commons.jxpath.ri.model.dom.DOMNodePointer","","NULL:",0,"getLocale()",2
"org.apache.commons.jxpath.ri.model.jdom.JDOMNodePointer#getLocale##false#org.apache.commons.jxpath.ri.model.jdom.JDOMNodePointer","","OK:java.util.Locale",5,"",2
"org.apache.commons.jxpath.ri.model.dom.DOMNodePointer#setAttribute#boolean#false#org.apache.commons.jxpath.ri.model.dom.DOMNodePointer","false","NULL:",0,"",2
"org.apache.commons.jxpath.ri.model.dom.DOMNodePointer#createChild#org.apache.commons.jxpath.JXPathContext,org.apache.commons.jxpath.ri.QName,int#false#org.apache.commons.jxpath.ri.model.dom.DOMNodePointer","<sample:4>|<sample:2>|-2147483642","ERR:org.apache.commons.jxpath.JXPathException",0,"getDefaultNamespaceURI() ; getImmediateValuePointer()",1
"org.apache.commons.jxpath.ri.model.dom.DOMNodePointer#namespaceIterator##false#org.apache.commons.jxpath.ri.model.dom.DOMNodePointer","","NULL:",2,"getPointerByID(<sample:0>|0x1F` b)",1
"org.apache.commons.jxpath.ri.model.dom.DOMNodePointer#getNodeValue##false#org.apache.commons.jxpath.ri.model.dom.DOMNodePointer","","OK:com.sun.org.apache.xerces.internal.dom.DeferredElementImpl",3,"isActual()",3
"org.apache.commons.jxpath.ri.model.jdom.JDOMNodePointer#getNamespaceResolver##false#org.apache.commons.jxpath.ri.model.jdom.JDOMNodePointer","","NULL:",0,"",2
"org.apache.commons.jxpath.ri.model.dom.DOMNodePointer#getNamespaceURI#java.lang.String#false#org.apache.commons.jxpath.ri.model.dom.DOMNodePointer","'*","NULL:",5,"",2
"org.apache.commons.jxpath.ri.model.dom.DOMNodePointer#createPath#org.apache.commons.jxpath.JXPathContext,java.lang.Object#false#org.apache.commons.jxpath.ri.model.dom.DOMNodePointer","<sample:2>|<i:1>","ERR:java.lang.NullPointerException",0,"setValue(<i:1>)",3
"org.apache.commons.jxpath.ri.model.dom.DOMNodePointer#getLength##false#org.apache.commons.jxpath.ri.model.dom.DOMNodePointer","","OK:java.lang.Integer",0,"getNamespaceURI()",1
"org.apache.commons.jxpath.ri.model.dom.DOMNodePointer#remove##false#org.apache.commons.jxpath.ri.model.dom.DOMNodePointer","","NULL:",0,"",3
"org.apache.commons.jxpath.ri.model.dom.DOMNodePointer#getNode##false#org.apache.commons.jxpath.ri.model.dom.DOMNodePointer","","OK:com.sun.org.apache.xerces.internal.dom.DeferredElementImpl",0,"createPath(<null>|<i:-1>)",2
"org.apache.commons.jxpath.ri.model.dom.DOMNodePointer#createPath#org.apache.commons.jxpath.JXPathContext#false#org.apache.commons.jxpath.ri.model.dom.DOMNodePointer","<sample:4>","OK:org.apache.commons.jxpath.ri.model.dom.NamespacePointer",0,"",2
"org.apache.commons.jxpath.ri.model.dom.DOMNodePointer#childIterator#org.apache.commons.jxpath.ri.compiler.NodeTest,boolean,org.apache.commons.jxpath.ri.model.NodePointer#false#org.apache.commons.jxpath.ri.model.dom.DOMNodePointer","<sample:0>|false|<sample:3>","ERR:java.lang.ClassCastException",3,"",1
"org.apache.commons.jxpath.ri.model.dom.DOMNodePointer#getIndex##false#org.apache.commons.jxpath.ri.model.dom.DOMNodePointer","","OK:java.lang.Integer",0,"testNode(<sample:6>)",1
"org.apache.commons.jxpath.ri.model.dom.DOMNodePointer#createChild#org.apache.commons.jxpath.JXPathContext,org.apache.commons.jxpath.ri.QName,int,java.lang.Object#false#org.apache.commons.jxpath.ri.model.dom.DOMNodePointer","<sample:3>|<sample:0>|2049|<i:-1>","ERR:org.apache.commons.jxpath.JXPathException",2,"",2
"org.apache.commons.jxpath.ri.model.jdom.JDOMNodePointer#getNamespaceResolver##false#org.apache.commons.jxpath.ri.model.jdom.JDOMNodePointer","","NULL:",0,"",3
"org.apache.commons.jxpath.ri.model.dom.DOMNodePointer#getIndex##false#org.apache.commons.jxpath.ri.model.dom.DOMNodePointer","","OK:java.lang.Integer",5,"",2
"org.apache.commons.jxpath.ri.model.dom.DOMNodePointer#createPath#org.apache.commons.jxpath.JXPathContext,java.lang.Object#false#org.apache.commons.jxpath.ri.model.dom.DOMNodePointer","<sample:6>|<i:-16777217>","OK:org.apache.commons.jxpath.ri.model.dom.DOMNodePointer",0,"isContainer()",2
"org.apache.commons.jxpath.ri.model.dom.DOMNodePointer#getNamespaceURI#org.w3c.dom.Node#true#org.apache.commons.jxpath.ri.model.dom.DOMNodePointer","<sample:2>","NULL:",0,"",3
"org.apache.commons.jxpath.ri.model.dom.DOMNodePointer#testNode#org.w3c.dom.Node,org.apache.commons.jxpath.ri.compiler.NodeTest#true#org.apache.commons.jxpath.ri.model.dom.DOMNodePointer","<sample:2>|<sample:2>","OK:java.lang.Boolean",0,"",1
"org.apache.commons.jxpath.ri.model.dom.DOMNodePointer#setAttribute#boolean#false#org.apache.commons.jxpath.ri.model.dom.DOMNodePointer","false","NULL:",7,"getIndex()",2
"org.apache.commons.jxpath.ri.model.dom.DOMNodePointer#namespacePointer#java.lang.String#false#org.apache.commons.jxpath.ri.model.dom.DOMNodePointer","xl:lang","ERR:org.apache.commons.jxpath.JXPathException",0,"",2
"org.apache.commons.jxpath.ri.model.dom.DOMNodePointer#getDefaultNamespaceURI##false#org.apache.commons.jxpath.ri.model.dom.DOMNodePointer","","NULL:",0,"createPath(<sample:7>|<i:1>)",2
"org.apache.commons.jxpath.ri.model.jdom.JDOMNodePointer#setNamespaceResolver#org.apache.commons.jxpath.ri.NamespaceResolver#false#org.apache.commons.jxpath.ri.model.jdom.JDOMNodePointer","<sample:6>","NULL:",3,"",3
"org.apache.commons.jxpath.ri.model.dom.DOMNodePointer#getPointerByID#org.apache.commons.jxpath.JXPathContext,java.lang.String#false#org.apache.commons.jxpath.ri.model.dom.DOMNodePointer","<sample:6>|010","OK:org.apache.commons.jxpath.ri.model.beans.NullPointer",0,"",3
"org.apache.commons.jxpath.ri.model.dom.DOMNodePointer#isLeaf##false#org.apache.commons.jxpath.ri.model.dom.DOMNodePointer","","OK:java.lang.Boolean",0,"getNodeValue()",3
"org.apache.commons.jxpath.ri.model.dom.DOMNodePointer#getNamespaceResolver##false#org.apache.commons.jxpath.ri.model.dom.DOMNodePointer","","NULL:",0,"toString()",2
"org.apache.commons.jxpath.ri.model.dom.DOMNodePointer#getPointerByKey#org.apache.commons.jxpath.JXPathContext,java.lang.String,java.lang.String#false#org.apache.commons.jxpath.ri.model.dom.DOMNodePointer","<sample:5>|010|1L","ERR:org.apache.commons.jxpath.JXPathException",0,"getNamespaceURI(/a/b) ; getLanguage()",2
"org.apache.commons.jxpath.ri.model.dom.DOMNodePointer#getNode##false#org.apache.commons.jxpath.ri.model.dom.DOMNodePointer","","NULL:",0,"isDefaultNamespace(1.5f1.5e300) ; compareChildNodePointers(<sample:10>|<sample:0>)",3
"org.apache.commons.jxpath.ri.model.dom.DOMNodePointer#getBaseValue##false#org.apache.commons.jxpath.ri.model.dom.DOMNodePointer","","OK:com.sun.org.apache.xerces.internal.dom.DeferredElementImpl",0,"",2
"org.apache.commons.jxpath.ri.model.dom.DOMNodePointer#getValuePointer##false#org.apache.commons.jxpath.ri.model.dom.DOMNodePointer","","OK:org.apache.commons.jxpath.ri.model.dom.DOMNodePointer",0,"getLanguage() ; createPath(<sample:0>|<i:-59>)",2
"org.apache.commons.jxpath.ri.model.dom.DOMNodePointer#getValuePointer##false#org.apache.commons.jxpath.ri.model.dom.DOMNodePointer","","OK:org.apache.commons.jxpath.ri.model.dom.DOMNodePointer",0,"setAttribute(false)",1
"org.apache.commons.jxpath.ri.model.dom.DOMNodePointer#isCollection##false#org.apache.commons.jxpath.ri.model.dom.DOMNodePointer","","OK:java.lang.Boolean",0,"isLanguage(0xFFFFFFFG)",1
"org.apache.commons.jxpath.ri.model.dom.DOMNodePointer#getRootNode##false#org.apache.commons.jxpath.ri.model.dom.DOMNodePointer","","OK:java.lang.String",3,"attributeIterator(<sample:9>)",2
"org.apache.commons.jxpath.ri.model.jdom.JDOMNodePointer#getLocalName#java.lang.Object#true#org.apache.commons.jxpath.ri.model.jdom.JDOMNodePointer","<i:1>","NULL:",0,"",1
"org.apache.commons.jxpath.ri.model.jdom.JDOMNodePointer#equals#java.lang.Object#false#org.apache.commons.jxpath.ri.model.jdom.JDOMNodePointer","<d:-0.75>","OK:java.lang.Boolean",0,"",2
"org.apache.commons.jxpath.ri.model.dom.DOMNodePointer#createPath#org.apache.commons.jxpath.JXPathContext,java.lang.Object#false#org.apache.commons.jxpath.ri.model.dom.DOMNodePointer","<null>|<s:>","OK:org.apache.commons.jxpath.ri.model.dom.DOMNodePointer",3,"isContainer()",2
"org.apache.commons.jxpath.ri.model.dom.DOMNodePointer#getPointerByKey#org.apache.commons.jxpath.JXPathContext,java.lang.String,java.lang.String#false#org.apache.commons.jxpath.ri.model.dom.DOMNodePointer","<null>|0x1F|1eI0010","ERR:java.lang.NullPointerException",0,"isAttribute()",2
"org.apache.commons.jxpath.ri.model.dom.DOMNodePointer#isRoot##false#org.apache.commons.jxpath.ri.model.dom.DOMNodePointer","","OK:java.lang.Boolean",1,"",3
"org.apache.commons.jxpath.ri.model.dom.DOMNodePointer#isDefaultNamespace#java.lang.String#false#org.apache.commons.jxpath.ri.model.dom.DOMNodePointer","` b","OK:java.lang.Boolean",0,"compareChildNodePointers(<null>|<sample:11>) ; getLength()",2
"org.apache.commons.jxpath.ri.model.dom.DOMNodePointer#createChild#org.apache.commons.jxpath.JXPathContext,org.apache.commons.jxpath.ri.QName,int,java.lang.Object#false#org.apache.commons.jxpath.ri.model.dom.DOMNodePointer","<sample:5>|<sample:11>|-46|<i:-33554434>","ERR:org.apache.commons.jxpath.JXPathException",0,"setNamespaceResolver(<sample:1>)",3
"org.apache.commons.jxpath.ri.model.jdom.JDOMNodePointer#getRootNode##false#org.apache.commons.jxpath.ri.model.jdom.JDOMNodePointer","","OK:java.lang.Integer",0,"hashCode()",1
"org.apache.commons.jxpath.ri.model.jdom.JDOMNodePointer#equals#java.lang.Object#false#org.apache.commons.jxpath.ri.model.jdom.JDOMNodePointer","<s:le>","OK:java.lang.Boolean",0,"",3
"org.apache.commons.jxpath.ri.model.dom.DOMNodePointer#createPath#org.apache.commons.jxpath.JXPathContext#false#org.apache.commons.jxpath.ri.model.dom.DOMNodePointer","<sample:6>","OK:org.apache.commons.jxpath.ri.model.dom.DOMNodePointer",0,"",2
"org.apache.commons.jxpath.ri.model.dom.DOMNodePointer#isContainer##false#org.apache.commons.jxpath.ri.model.dom.DOMNodePointer","","OK:java.lang.Boolean",2,"",1
"org.apache.commons.jxpath.ri.model.dom.DOMNodePointer#isNode##false#org.apache.commons.jxpath.ri.model.dom.DOMNodePointer","","OK:java.lang.Boolean",0,"",2
"org.apache.commons.jxpath.ri.model.jdom.JDOMNodePointer#asPath##false#org.apache.commons.jxpath.ri.model.jdom.JDOMNodePointer","","OK:java.lang.String",0,"getImmediateParentPointer()",3
"org.apache.commons.jxpath.ri.model.dom.DOMNodePointer#isDefaultNamespace#java.lang.String#false#org.apache.commons.jxpath.ri.model.dom.DOMNodePointer","laog","OK:java.lang.Boolean",0,"",1
"org.apache.commons.jxpath.ri.model.jdom.JDOMNodePointer#isDefaultNamespace#java.lang.String#false#org.apache.commons.jxpath.ri.model.jdom.JDOMNodePointer","L1.d","OK:java.lang.Boolean",0,"isLeaf() ; getLength()",3
"org.apache.commons.jxpath.ri.model.dom.DOMNodePointer#getDefaultNamespaceURI##false#org.apache.commons.jxpath.ri.model.dom.DOMNodePointer","","NULL:",5,"getImmediateNode()",2
"org.apache.commons.jxpath.ri.model.dom.DOMNodePointer#getImmediateNode##false#org.apache.commons.jxpath.ri.model.dom.DOMNodePointer","","OK:java.lang.Boolean",1,"",2
"org.apache.commons.jxpath.ri.model.dom.DOMNodePointer#clone##false#org.apache.commons.jxpath.ri.model.dom.DOMNodePointer","","OK:org.apache.commons.jxpath.ri.model.dom.DOMNodePointer",0,"equals(<s: >) ; clone()",1
"org.apache.commons.jxpath.ri.model.jdom.JDOMNodePointer#isLanguage#java.lang.String#false#org.apache.commons.jxpath.ri.model.jdom.JDOMNodePointer","-1","OK:java.lang.Boolean",0,"compareTo(<d:0.75>)",0
"org.apache.commons.jxpath.ri.model.jdom.JDOMNodePointer#getLanguage##false#org.apache.commons.jxpath.ri.model.jdom.JDOMNodePointer","","NULL:",0,"getValuePointer()",0
"org.apache.commons.jxpath.ri.model.dom.DOMNodePointer#getLanguage##false#org.apache.commons.jxpath.ri.model.dom.DOMNodePointer","","NULL:",0,"",0
"org.apache.commons.jxpath.ri.model.jdom.JDOMNodePointer#getBaseValue##false#org.apache.commons.jxpath.ri.model.jdom.JDOMNodePointer","","OK:java.lang.Boolean",6,"",0
"org.apache.commons.jxpath.ri.model.dom.DOMNodePointer#equals#java.lang.Object#false#org.apache.commons.jxpath.ri.model.dom.DOMNodePointer","<null>","OK:java.lang.Boolean",0,"",0
"org.apache.commons.jxpath.ri.model.dom.DOMNodePointer#compareChildNodePointers#org.apache.commons.jxpath.ri.model.NodePointer,org.apache.commons.jxpath.ri.model.NodePointer#false#org.apache.commons.jxpath.ri.model.dom.DOMNodePointer","<sample:7>|<sample:4>","ERR:java.lang.ClassCastException",3,"createChild(<sample:4>|<sample:6>|46) ; createAttribute(<sample:6>|<sample:9>)",0
"org.apache.commons.jxpath.ri.model.jdom.JDOMNodePointer#getNode##false#org.apache.commons.jxpath.ri.model.jdom.JDOMNodePointer","","OK:java.lang.Integer",0,"",0
"org.apache.commons.jxpath.ri.model.jdom.JDOMNodePointer#getNamespaceResolver##false#org.apache.commons.jxpath.ri.model.jdom.JDOMNodePointer","","NULL:",1,"",0
"org.apache.commons.jxpath.ri.model.jdom.JDOMNodePointer#isActual##false#org.apache.commons.jxpath.ri.model.jdom.JDOMNodePointer","","OK:java.lang.Boolean",7,"",0
"org.apache.commons.jxpath.ri.model.jdom.JDOMNodePointer#newChildNodePointer#org.apache.commons.jxpath.ri.model.NodePointer,org.apache.commons.jxpath.ri.QName,java.lang.Object#true#org.apache.commons.jxpath.ri.model.jdom.JDOMNodePointer","<sample:2>|<sample:4>|<sample:4>","OK:org.apache.commons.jxpath.ri.model.beans.BeanPointer",0,"",0
"org.apache.commons.jxpath.ri.model.jdom.JDOMNodePointer#getLocale##false#org.apache.commons.jxpath.ri.model.jdom.JDOMNodePointer","","OK:java.util.Locale",0,"compareTo(<s:a>)",0
"org.apache.commons.jxpath.ri.model.dom.DOMNodePointer#setAttribute#boolean#false#org.apache.commons.jxpath.ri.model.dom.DOMNodePointer","true","NULL:",0,"",0
"org.apache.commons.jxpath.ri.model.dom.DOMNodePointer#getValuePointer##false#org.apache.commons.jxpath.ri.model.dom.DOMNodePointer","","OK:org.apache.commons.jxpath.ri.model.dom.DOMNodePointer",0,"getPointerByID(<sample:6>|1.5) ; getDefaultNamespaceURI()",0
"org.apache.commons.jxpath.ri.model.jdom.JDOMNodePointer#clone##false#org.apache.commons.jxpath.ri.model.jdom.JDOMNodePointer","","OK:org.apache.commons.jxpath.ri.model.jdom.JDOMNodePointer",0,"",0
"org.apache.commons.jxpath.ri.model.jdom.JDOMNodePointer#compareChildNodePointers#org.apache.commons.jxpath.ri.model.NodePointer,org.apache.commons.jxpath.ri.model.NodePointer#false#org.apache.commons.jxpath.ri.model.jdom.JDOMNodePointer","<sample:5>|<sample:2>","OK:java.lang.Integer",0,"",0
"org.apache.commons.jxpath.ri.model.dom.DOMNodePointer#getNode##false#org.apache.commons.jxpath.ri.model.dom.DOMNodePointer","","OK:com.sun.org.apache.xerces.internal.dom.DeferredElementImpl",3,"",0
"org.apache.commons.jxpath.ri.model.dom.DOMNodePointer#isLanguage#java.lang.String#false#org.apache.commons.jxpath.ri.model.dom.DOMNodePointer","[[","ERR:java.lang.NullPointerException",0,"createChild(<sample:4>|<sample:4>|-2147483645|<i:-16777217>)",0
"org.apache.commons.jxpath.ri.model.jdom.JDOMNodePointer#testNode#org.apache.commons.jxpath.ri.model.NodePointer,java.lang.Object,org.apache.commons.jxpath.ri.compiler.NodeTest#true#org.apache.commons.jxpath.ri.model.jdom.JDOMNodePointer","<null>|<s:u>|<sample:4>","OK:java.lang.Boolean",0,"",0
"org.apache.commons.jxpath.ri.model.dom.DOMNodePointer#printPointerChain##false#org.apache.commons.jxpath.ri.model.dom.DOMNodePointer","","NULL:",3,"testNode(<sample:6>)",0
"org.apache.commons.jxpath.ri.model.dom.DOMNodePointer#getRootNode##false#org.apache.commons.jxpath.ri.model.dom.DOMNodePointer","","OK:java.lang.String",0,"getNamespaceURI(1.5300)",0
"org.apache.commons.jxpath.ri.model.dom.DOMNodePointer#getLanguage##false#org.apache.commons.jxpath.ri.model.dom.DOMNodePointer","","NULL:",3,"",0
"org.apache.commons.jxpath.ri.model.dom.DOMNodePointer#remove##false#org.apache.commons.jxpath.ri.model.dom.DOMNodePointer","","NULL:",0,"getDefaultNamespaceURI() ; getNamespaceURI()",0
"org.apache.commons.jxpath.ri.model.dom.DOMNodePointer#getPrefix#org.w3c.dom.Node#true#org.apache.commons.jxpath.ri.model.dom.DOMNodePointer","<null>","ERR:java.lang.NullPointerException",0,"",0
"org.apache.commons.jxpath.ri.model.jdom.JDOMNodePointer#compareTo#java.lang.Object#false#org.apache.commons.jxpath.ri.model.jdom.JDOMNodePointer","<b:false>","ERR:java.lang.ClassCastException",0,"",0
"org.apache.commons.jxpath.ri.model.dom.DOMNodePointer#setValue#java.lang.Object#false#org.apache.commons.jxpath.ri.model.dom.DOMNodePointer","<s:b>","NULL:",3,"",0
"org.apache.commons.jxpath.ri.model.dom.DOMNodePointer#isAttribute##false#org.apache.commons.jxpath.ri.model.dom.DOMNodePointer","","OK:java.lang.Boolean",5,"",0
"org.apache.commons.jxpath.ri.model.dom.DOMNodePointer#asPath##false#org.apache.commons.jxpath.ri.model.dom.DOMNodePointer","","OK:java.lang.String",0,"",0
"org.apache.commons.jxpath.ri.model.jdom.JDOMNodePointer#getNamespaceResolver##false#org.apache.commons.jxpath.ri.model.jdom.JDOMNodePointer","","NULL:",0,"",0
"org.apache.commons.jxpath.ri.model.jdom.JDOMNodePointer#namespacePointer#java.lang.String#false#org.apache.commons.jxpath.ri.model.jdom.JDOMNodePointer","1.5e300&quot;","OK:org.apache.commons.jxpath.ri.model.jdom.JDOMNamespacePointer",0,"isLanguage(1eI0010)",0
"org.apache.commons.jxpath.ri.model.dom.DOMNodePointer#createPath#org.apache.commons.jxpath.JXPathContext,java.lang.Object#false#org.apache.commons.jxpath.ri.model.dom.DOMNodePointer","<sample:5>|<d:0.75>","OK:org.apache.commons.jxpath.ri.model.dom.DOMNodePointer",3,"",0
"org.apache.commons.jxpath.ri.model.dom.DOMNodePointer#compareChildNodePointers#org.apache.commons.jxpath.ri.model.NodePointer,org.apache.commons.jxpath.ri.model.NodePointer#false#org.apache.commons.jxpath.ri.model.dom.DOMNodePointer","<null>|<sample:6>","ERR:java.lang.NullPointerException",0,"",0
"org.apache.commons.jxpath.ri.model.dom.DOMNodePointer#createChild#org.apache.commons.jxpath.JXPathContext,org.apache.commons.jxpath.ri.QName,int#false#org.apache.commons.jxpath.ri.model.dom.DOMNodePointer","<sample:0>|<sample:11>|-2147483645","ERR:org.apache.commons.jxpath.JXPathException",1,"getImmediateParentPointer() ; namespacePointer(L1.)",0
"org.apache.commons.jxpath.ri.model.dom.DOMNodePointer#toString##false#org.apache.commons.jxpath.ri.model.dom.DOMNodePointer","","OK:java.lang.String",0,"createChild(<sample:8>|<sample:3>|-2147483548) ; testNode(<sample:2>)",0
"org.apache.commons.jxpath.ri.model.dom.DOMNodePointer#isLeaf##false#org.apache.commons.jxpath.ri.model.dom.DOMNodePointer","","OK:java.lang.Boolean",0,"getValue()",0
"org.apache.commons.jxpath.ri.model.dom.DOMNodePointer#createPath#org.apache.commons.jxpath.JXPathContext,java.lang.Object#false#org.apache.commons.jxpath.ri.model.dom.DOMNodePointer","<sample:6>|<i:-16777217>","OK:com.sun.org.apache.xerces.internal.dom.DeferredElementImpl",0,"attributeIterator(<sample:7>)",0
"org.apache.commons.jxpath.ri.model.jdom.JDOMNodePointer#isNode##false#org.apache.commons.jxpath.ri.model.jdom.JDOMNodePointer","","OK:java.lang.Boolean",1,"printPointerChain()",0
"org.apache.commons.jxpath.ri.model.dom.DOMNodePointer#getPrefix#org.w3c.dom.Node#true#org.apache.commons.jxpath.ri.model.dom.DOMNodePointer","<sample:4>","NULL:",0,"",0
"org.apache.commons.jxpath.ri.model.dom.DOMNodePointer#compareTo#java.lang.Object#false#org.apache.commons.jxpath.ri.model.dom.DOMNodePointer","<s:u>","ERR:java.lang.ClassCastException",1,"",0
"org.apache.commons.jxpath.ri.model.dom.DOMNodePointer#setValue#java.lang.Object#false#org.apache.commons.jxpath.ri.model.dom.DOMNodePointer","<s:Xu>","NULL:",0,"",0
"org.apache.commons.jxpath.ri.model.jdom.JDOMNodePointer#isDefaultNamespace#java.lang.String#false#org.apache.commons.jxpath.ri.model.jdom.JDOMNodePointer","1.6da,b,c","OK:java.lang.Boolean",0,"createAttribute(<sample:5>|<sample:13>)",0
"org.apache.commons.jxpath.ri.model.jdom.JDOMNodePointer#isLanguage#java.lang.String#false#org.apache.commons.jxpath.ri.model.jdom.JDOMNodePointer","","OK:java.lang.Boolean",3,"",0
"org.apache.commons.jxpath.ri.model.jdom.JDOMNodePointer#getNodeValue##false#org.apache.commons.jxpath.ri.model.jdom.JDOMNodePointer","","OK:java.lang.Integer",1,"getImmediateValuePointer()",0
"org.apache.commons.jxpath.ri.model.dom.DOMNodePointer#childIterator#org.apache.commons.jxpath.ri.compiler.NodeTest,boolean,org.apache.commons.jxpath.ri.model.NodePointer#false#org.apache.commons.jxpath.ri.model.dom.DOMNodePointer","<sample:2>|true|<sample:5>","ERR:java.lang.ClassCastException",0,"getPointerByKey(<sample:1>|1.6da,b+c|/te)",0
"org.apache.commons.jxpath.ri.model.dom.DOMNodePointer#isAttribute##false#org.apache.commons.jxpath.ri.model.dom.DOMNodePointer","","OK:java.lang.Boolean",0,"childIterator(<sample:0>|false|<sample:5>)",0
"org.apache.commons.jxpath.ri.model.dom.DOMNodePointer#createPath#org.apache.commons.jxpath.JXPathContext,java.lang.Object#false#org.apache.commons.jxpath.ri.model.dom.DOMNodePointer","<sample:7>|<i:-8388608>","OK:org.apache.commons.jxpath.ri.model.dom.DOMNodePointer",0,"",0
"org.apache.commons.jxpath.ri.model.dom.DOMNodePointer#childIterator#org.apache.commons.jxpath.ri.compiler.NodeTest,boolean,org.apache.commons.jxpath.ri.model.NodePointer#false#org.apache.commons.jxpath.ri.model.dom.DOMNodePointer","<sample:8>|true|<sample:6>","ERR:java.lang.ClassCastException",0,"namespaceIterator() ; getPointerByID(<sample:5>|xmlns9)",0
"org.apache.commons.jxpath.ri.model.jdom.JDOMNodePointer#createPath#org.apache.commons.jxpath.JXPathContext#false#org.apache.commons.jxpath.ri.model.jdom.JDOMNodePointer","<sample:7>","OK:org.apache.commons.jxpath.ri.model.jdom.JDOMNodePointer",0,"hashCode()",0
"org.apache.commons.jxpath.ri.model.jdom.JDOMNodePointer#isCollection##false#org.apache.commons.jxpath.ri.model.jdom.JDOMNodePointer","","OK:java.lang.Boolean",0,"isLeaf() ; getNamespaceURI(a1)",0
"org.apache.commons.jxpath.ri.model.dom.DOMNodePointer#isLeaf##false#org.apache.commons.jxpath.ri.model.dom.DOMNodePointer","","OK:java.lang.Boolean",1,"",0
"org.apache.commons.jxpath.ri.model.dom.DOMNodePointer#createPath#org.apache.commons.jxpath.JXPathContext#false#org.apache.commons.jxpath.ri.model.dom.DOMNodePointer","<sample:6>","OK:org.apache.commons.jxpath.ri.model.dom.DOMNodePointer",0,"",0
"org.apache.commons.jxpath.ri.model.jdom.JDOMNodePointer#isDefaultNamespace#java.lang.String#false#org.apache.commons.jxpath.ri.model.jdom.JDOMNodePointer","","OK:java.lang.Boolean",5,"",0
"org.apache.commons.jxpath.ri.model.dom.DOMNodePointer#getNamespaceResolver##false#org.apache.commons.jxpath.ri.model.dom.DOMNodePointer","","NULL:",1,"getValue()",0
"org.apache.commons.jxpath.ri.model.dom.DOMNodePointer#attributeIterator#org.apache.commons.jxpath.ri.QName#false#org.apache.commons.jxpath.ri.model.dom.DOMNodePointer","<sample:16>","OK:org.apache.commons.jxpath.ri.model.dom.DOMAttributeIterator",0,"",0
"org.apache.commons.jxpath.ri.model.dom.DOMNodePointer#isCollection##false#org.apache.commons.jxpath.ri.model.dom.DOMNodePointer","","OK:java.lang.Boolean",0,"getParent()",0
"org.apache.commons.jxpath.ri.model.jdom.JDOMNodePointer#isAttribute##false#org.apache.commons.jxpath.ri.model.jdom.JDOMNodePointer","","OK:java.lang.Boolean",0,"createPath(<sample:3>|<null>)",0
"org.apache.commons.jxpath.ri.model.jdom.JDOMNodePointer#getParent##false#org.apache.commons.jxpath.ri.model.jdom.JDOMNodePointer","","NULL:",0,"",0
"org.apache.commons.jxpath.ri.model.jdom.JDOMNodePointer#printPointerChain##false#org.apache.commons.jxpath.ri.model.jdom.JDOMNodePointer","","NULL:",0,"",0
"org.apache.commons.jxpath.ri.model.dom.DOMNodePointer#isActual##false#org.apache.commons.jxpath.ri.model.dom.DOMNodePointer","","OK:java.lang.Boolean",0,"printPointerChain()",0
"org.apache.commons.jxpath.ri.model.jdom.JDOMNodePointer#isContainer##false#org.apache.commons.jxpath.ri.model.jdom.JDOMNodePointer","","OK:java.lang.Boolean",0,"setNamespaceResolver(<null>)",0
"org.apache.commons.jxpath.ri.model.dom.DOMNodePointer#getValue##false#org.apache.commons.jxpath.ri.model.dom.DOMNodePointer","","OK:java.lang.String",5,"",0
"org.apache.commons.jxpath.ri.model.dom.DOMNodePointer#printPointerChain##false#org.apache.commons.jxpath.ri.model.dom.DOMNodePointer","","NULL:",0,"getBaseValue()",0
"org.apache.commons.jxpath.ri.model.jdom.JDOMNodePointer#isActual##false#org.apache.commons.jxpath.ri.model.jdom.JDOMNodePointer","","OK:java.lang.Boolean",0,"",0
"org.apache.commons.jxpath.ri.model.jdom.JDOMNodePointer#equals#java.lang.Object#false#org.apache.commons.jxpath.ri.model.jdom.JDOMNodePointer","<s:>","OK:java.lang.Boolean",0,"getNamespaceURI(-63465322974910826)",0
"org.apache.commons.jxpath.ri.model.jdom.JDOMNodePointer#getImmediateValuePointer##false#org.apache.commons.jxpath.ri.model.jdom.JDOMNodePointer","","OK:org.apache.commons.jxpath.ri.model.jdom.JDOMNodePointer",0,"getImmediateNode()",0
"org.apache.commons.jxpath.ri.model.jdom.JDOMNodePointer#newChildNodePointer#org.apache.commons.jxpath.ri.model.NodePointer,org.apache.commons.jxpath.ri.QName,java.lang.Object#true#org.apache.commons.jxpath.ri.model.jdom.JDOMNodePointer","<null>|<sample:16>|<i:0>","OK:java.lang.Boolean",0,"",0
"org.apache.commons.jxpath.ri.model.jdom.JDOMNodePointer#testNode#org.apache.commons.jxpath.ri.compiler.NodeTest#false#org.apache.commons.jxpath.ri.model.jdom.JDOMNodePointer","<sample:4>","OK:java.lang.Boolean",3,"createPath(<sample:7>)",0
"org.apache.commons.jxpath.ri.model.jdom.JDOMNodePointer#namespacePointer#java.lang.String#false#org.apache.commons.jxpath.ri.model.jdom.JDOMNodePointer","[Enode()","OK:org.apache.commons.jxpath.ri.model.jdom.JDOMNamespacePointer",0,"",0
"org.apache.commons.jxpath.ri.model.dom.DOMNodePointer#isDefaultNamespace#java.lang.String#false#org.apache.commons.jxpath.ri.model.dom.DOMNodePointer","{1e10","OK:java.lang.Boolean",0,"",0
"org.apache.commons.jxpath.ri.model.dom.DOMNodePointer#newChildNodePointer#org.apache.commons.jxpath.ri.model.NodePointer,org.apache.commons.jxpath.ri.QName,java.lang.Object#true#org.apache.commons.jxpath.ri.model.dom.DOMNodePointer","<sample:5>|<sample:0>|<s:key>","OK:org.apache.commons.jxpath.ri.model.beans.BeanPointer",0,"",0
"org.apache.commons.jxpath.ri.model.jdom.JDOMNodePointer#createAttribute#org.apache.commons.jxpath.JXPathContext,org.apache.commons.jxpath.ri.QName#false#org.apache.commons.jxpath.ri.model.jdom.JDOMNodePointer","<sample:3>|<sample:9>","ERR:org.apache.commons.jxpath.JXPathException",0,"getBaseValue()",0
"org.apache.commons.jxpath.ri.model.dom.DOMNodePointer#getPointerByKey#org.apache.commons.jxpath.JXPathContext,java.lang.String,java.lang.String#false#org.apache.commons.jxpath.ri.model.dom.DOMNodePointer","<sample:0>|xnl|/tue","ERR:org.apache.commons.jxpath.JXPathException",3,"setAttribute(true) ; getValue()",0
"org.apache.commons.jxpath.ri.model.dom.DOMNodePointer#getImmediateNode##false#org.apache.commons.jxpath.ri.model.dom.DOMNodePointer","","OK:com.sun.org.apache.xerces.internal.dom.DeferredElementImpl",0,"",0
"org.apache.commons.jxpath.ri.model.dom.DOMNodePointer#getValue##false#org.apache.commons.jxpath.ri.model.dom.DOMNodePointer","","OK:java.lang.String",0,"childIterator(<null>|false|<null>)",0
"org.apache.commons.jxpath.ri.model.dom.DOMNodePointer#getName##false#org.apache.commons.jxpath.ri.model.dom.DOMNodePointer","","OK:org.apache.commons.jxpath.ri.QName",0,"",0
"org.apache.commons.jxpath.ri.model.dom.DOMNodePointer#getValue##false#org.apache.commons.jxpath.ri.model.dom.DOMNodePointer","","OK:java.lang.String",1,"createPath(<sample:1>|<sample:1>)",0
"org.apache.commons.jxpath.ri.model.jdom.JDOMNodePointer#isLeaf##false#org.apache.commons.jxpath.ri.model.jdom.JDOMNodePointer","","OK:java.lang.Boolean",0,"isActual()",0
"org.apache.commons.jxpath.ri.model.dom.DOMNodePointer#clone##false#org.apache.commons.jxpath.ri.model.dom.DOMNodePointer","","OK:org.apache.commons.jxpath.ri.model.dom.NamespacePointer",0,"equals(<s:ke>)",0
"org.apache.commons.jxpath.ri.model.dom.DOMNodePointer#createAttribute#org.apache.commons.jxpath.JXPathContext,org.apache.commons.jxpath.ri.QName#false#org.apache.commons.jxpath.ri.model.dom.DOMNodePointer","<sample:7>|<null>","ERR:java.lang.NullPointerException",0,"getImmediateNode()",0
"org.apache.commons.jxpath.ri.model.dom.DOMNodePointer#toString##false#org.apache.commons.jxpath.ri.model.dom.DOMNodePointer","","OK:java.lang.String",1,"",0
"org.apache.commons.jxpath.ri.model.dom.DOMNodePointer#getNamespaceURI##false#org.apache.commons.jxpath.ri.model.dom.DOMNodePointer","","NULL:",0,"createChild(<sample:7>|<sample:5>|-2147483647|<d:1.5>)",0
"org.apache.commons.jxpath.ri.model.jdom.JDOMNodePointer#getImmediateParentPointer##false#org.apache.commons.jxpath.ri.model.jdom.JDOMNodePointer","","OK:org.apache.commons.jxpath.ri.model.beans.BeanPointer",1,"",0
"org.apache.commons.jxpath.ri.model.jdom.JDOMNodePointer#createAttribute#org.apache.commons.jxpath.JXPathContext,org.apache.commons.jxpath.ri.QName#false#org.apache.commons.jxpath.ri.model.jdom.JDOMNodePointer","<sample:1>|<sample:7>","ERR:org.apache.commons.jxpath.JXPathException",0,"attributeIterator(<sample:4>)",0
"org.apache.commons.jxpath.ri.model.jdom.JDOMNodePointer#getBaseValue##false#org.apache.commons.jxpath.ri.model.jdom.JDOMNodePointer","","OK:java.lang.Integer",0,"",0
"org.apache.commons.jxpath.ri.model.dom.DOMNodePointer#namespaceIterator##false#org.apache.commons.jxpath.ri.model.dom.DOMNodePointer","","OK:org.apache.commons.jxpath.ri.model.dom.DOMNamespaceIterator",0,"namespaceIterator()",0
"org.apache.commons.jxpath.ri.model.jdom.JDOMNodePointer#newNodePointer#org.apache.commons.jxpath.ri.QName,java.lang.Object,java.util.Locale#true#org.apache.commons.jxpath.ri.model.jdom.JDOMNodePointer","<sample:6>|<s:au>|<null>","OK:org.apache.commons.jxpath.ri.model.beans.BeanPointer",0,"",0
"org.apache.commons.jxpath.ri.model.jdom.JDOMNodePointer#isNode##false#org.apache.commons.jxpath.ri.model.jdom.JDOMNodePointer","","OK:java.lang.Boolean",0,"",0
"org.apache.commons.jxpath.ri.model.jdom.JDOMNodePointer#newNodePointer#org.apache.commons.jxpath.ri.QName,java.lang.Object,java.util.Locale#true#org.apache.commons.jxpath.ri.model.jdom.JDOMNodePointer","<sample:1>|<s:keuy>|<empty>","ERR:java.lang.NullPointerException",0,"",0
"org.apache.commons.jxpath.ri.model.jdom.JDOMNodePointer#createChild#org.apache.commons.jxpath.JXPathContext,org.apache.commons.jxpath.ri.QName,int#false#org.apache.commons.jxpath.ri.model.jdom.JDOMNodePointer","<sample:0>|<sample:13>|-2147483647","ERR:org.apache.commons.jxpath.JXPathException",3,"getName()",0
"org.apache.commons.jxpath.ri.model.jdom.JDOMNodePointer#isDefaultNamespace#java.lang.String#false#org.apache.commons.jxpath.ri.model.jdom.JDOMNodePointer","/text()-0.0","OK:java.lang.Boolean",7,"isNode() ; clone()",0
"org.apache.commons.jxpath.ri.model.dom.DOMNodePointer#getValue##false#org.apache.commons.jxpath.ri.model.dom.DOMNodePointer","","OK:java.lang.String",3,"",0
"org.apache.commons.jxpath.ri.model.dom.DOMNodePointer#getImmediateNode##false#org.apache.commons.jxpath.ri.model.dom.DOMNodePointer","","NULL:",0,"",0
"org.apache.commons.jxpath.ri.model.jdom.JDOMNodePointer#isRoot##false#org.apache.commons.jxpath.ri.model.jdom.JDOMNodePointer","","OK:java.lang.Boolean",0,"getImmediateParentPointer()",0
"org.apache.commons.jxpath.ri.model.dom.DOMNodePointer#getDefaultNamespaceURI##false#org.apache.commons.jxpath.ri.model.dom.DOMNodePointer","","NULL:",0,"isAttribute()",0
"org.apache.commons.jxpath.ri.model.dom.DOMNodePointer#getLength##false#org.apache.commons.jxpath.ri.model.dom.DOMNodePointer","","OK:java.lang.Integer",0,"hashCode()",0
"org.apache.commons.jxpath.ri.model.dom.DOMNodePointer#clone##false#org.apache.commons.jxpath.ri.model.dom.DOMNodePointer","","OK:org.apache.commons.jxpath.ri.model.beans.BeanPointer",0,"getPointerByID(<sample:6>|1.2r5)",0
"org.apache.commons.jxpath.ri.model.jdom.JDOMNodePointer#createChild#org.apache.commons.jxpath.JXPathContext,org.apache.commons.jxpath.ri.QName,int,java.lang.Object#false#org.apache.commons.jxpath.ri.model.jdom.JDOMNodePointer","<sample:1>|<sample:2>|-34|<i:0>","ERR:org.apache.commons.jxpath.JXPathException",6,"createAttribute(<sample:8>|<sample:11>)",0
"org.apache.commons.jxpath.ri.model.dom.DOMNodePointer#clone##false#org.apache.commons.jxpath.ri.model.dom.DOMNodePointer","","OK:org.apache.commons.jxpath.ri.model.dom.DOMNodePointer",0,"getName()",0
"org.apache.commons.jxpath.ri.model.dom.DOMNodePointer#childIterator#org.apache.commons.jxpath.ri.compiler.NodeTest,boolean,org.apache.commons.jxpath.ri.model.NodePointer#false#org.apache.commons.jxpath.ri.model.dom.DOMNodePointer","<sample:5>|true|<sample:10>","ERR:org.apache.commons.jxpath.JXPathException",0,"",0
"org.apache.commons.jxpath.ri.model.dom.DOMNodePointer#getLocale##false#org.apache.commons.jxpath.ri.model.dom.DOMNodePointer","","NULL:",0,"",0
"org.apache.commons.jxpath.ri.model.jdom.JDOMNodePointer#newNodePointer#org.apache.commons.jxpath.ri.QName,java.lang.Object,java.util.Locale#true#org.apache.commons.jxpath.ri.model.jdom.JDOMNodePointer","<sample:6>|<s:3>|<sample:2>","OK:java.lang.Boolean",0,"",0
"org.apache.commons.jxpath.ri.model.dom.DOMNodePointer#getNode##false#org.apache.commons.jxpath.ri.model.dom.DOMNodePointer","","OK:com.sun.org.apache.xerces.internal.dom.DeferredElementImpl",0,"compareChildNodePointers(<sample:6>|<sample:0>)",0
"org.apache.commons.jxpath.ri.model.dom.DOMNodePointer#isLeaf##false#org.apache.commons.jxpath.ri.model.dom.DOMNodePointer","","OK:java.lang.Boolean",7,"asPath()",0
"org.apache.commons.jxpath.ri.model.dom.DOMNodePointer#isNode##false#org.apache.commons.jxpath.ri.model.dom.DOMNodePointer","","OK:java.lang.Boolean",3,"",0
"org.apache.commons.jxpath.ri.model.jdom.JDOMNodePointer#getDefaultNamespaceURI##false#org.apache.commons.jxpath.ri.model.jdom.JDOMNodePointer","","NULL:",0,"",0
"org.apache.commons.jxpath.ri.model.dom.DOMNodePointer#getImmediateValuePointer##false#org.apache.commons.jxpath.ri.model.dom.DOMNodePointer","","OK:org.apache.commons.jxpath.ri.model.dom.DOMNodePointer",0,"getLocale()",0
"org.apache.commons.jxpath.ri.model.jdom.JDOMNodePointer#getRootNode##false#org.apache.commons.jxpath.ri.model.jdom.JDOMNodePointer","","OK:java.lang.String",1,"",0
"org.apache.commons.jxpath.ri.model.jdom.JDOMNodePointer#toString##false#org.apache.commons.jxpath.ri.model.jdom.JDOMNodePointer","","OK:java.lang.String",0,"getImmediateValuePointer() ; asPath()",0
"org.apache.commons.jxpath.ri.model.dom.DOMNodePointer#newChildNodePointer#org.apache.commons.jxpath.ri.model.NodePointer,org.apache.commons.jxpath.ri.QName,java.lang.Object#true#org.apache.commons.jxpath.ri.model.dom.DOMNodePointer","<sample:0>|<sample:5>|<i:0>","NULL:",0,"",0
"org.apache.commons.jxpath.ri.model.dom.DOMNodePointer#clone##false#org.apache.commons.jxpath.ri.model.dom.DOMNodePointer","","OK:com.sun.org.apache.xerces.internal.dom.DeferredAttrImpl",6,"getImmediateValuePointer()",0
"org.apache.commons.jxpath.ri.model.dom.DOMNodePointer#getNamespaceURI#org.w3c.dom.Node#true#org.apache.commons.jxpath.ri.model.dom.DOMNodePointer","<sample:5>","NULL:",0,"",0
"org.apache.commons.jxpath.ri.model.dom.DOMNodePointer#getValuePointer##false#org.apache.commons.jxpath.ri.model.dom.DOMNodePointer","","OK:java.lang.Integer",0,"getRootNode() ; compareChildNodePointers(<sample:5>|<sample:2>)",0
"org.apache.commons.jxpath.ri.model.jdom.JDOMNodePointer#isNode##false#org.apache.commons.jxpath.ri.model.jdom.JDOMNodePointer","","OK:java.lang.Boolean",7,"",0
"org.apache.commons.jxpath.ri.model.jdom.JDOMNodePointer#childIterator#org.apache.commons.jxpath.ri.compiler.NodeTest,boolean,org.apache.commons.jxpath.ri.model.NodePointer#false#org.apache.commons.jxpath.ri.model.jdom.JDOMNodePointer","<null>|true|<sample:6>","OK:org.apache.commons.jxpath.ri.model.jdom.JDOMNodeIterator",0,"getPointerByID(<sample:3>|aa)",0
"org.apache.commons.jxpath.ri.model.dom.DOMNodePointer#testNode#org.apache.commons.jxpath.ri.compiler.NodeTest#false#org.apache.commons.jxpath.ri.model.dom.DOMNodePointer","<sample:6>","OK:java.lang.Boolean",0,"",0
"org.apache.commons.jxpath.ri.model.jdom.JDOMNodePointer#newNodePointer#org.apache.commons.jxpath.ri.QName,java.lang.Object,java.util.Locale#true#org.apache.commons.jxpath.ri.model.jdom.JDOMNodePointer","<sample:2>|<i:-1>|<sample:1>","OK:org.apache.commons.jxpath.ri.model.beans.BeanPointer",0,"",0
"org.apache.commons.jxpath.ri.model.dom.DOMNodePointer#getLanguage##false#org.apache.commons.jxpath.ri.model.dom.DOMNodePointer","","NULL:",1,"getImmediateParentPointer()",0
"org.apache.commons.jxpath.ri.model.dom.DOMNodePointer#getNamespaceURI#java.lang.String#false#org.apache.commons.jxpath.ri.model.dom.DOMNodePointer","1L","NULL:",3,"",0
"org.apache.commons.jxpath.ri.model.dom.DOMNodePointer#createPath#org.apache.commons.jxpath.JXPathContext#false#org.apache.commons.jxpath.ri.model.dom.DOMNodePointer","<sample:2>","NULL:",0,"",0
"org.apache.commons.jxpath.ri.model.dom.DOMNodePointer#getDefaultNamespaceURI##false#org.apache.commons.jxpath.ri.model.dom.DOMNodePointer","","NULL:",3,"",0
"org.apache.commons.jxpath.ri.model.dom.DOMNodePointer#getImmediateValuePointer##false#org.apache.commons.jxpath.ri.model.dom.DOMNodePointer","","OK:org.apache.commons.jxpath.ri.model.dom.DOMNodePointer",3,"",0
"org.apache.commons.jxpath.ri.model.dom.DOMNodePointer#getLength##false#org.apache.commons.jxpath.ri.model.dom.DOMNodePointer","","OK:java.lang.Integer",1,"",0
"org.apache.commons.jxpath.ri.model.dom.DOMNodePointer#clone##false#org.apache.commons.jxpath.ri.model.dom.DOMNodePointer","","OK:com.sun.org.apache.xerces.internal.dom.DeferredElementImpl",0,"isNode()",0
"org.apache.commons.jxpath.ri.model.dom.DOMNodePointer#getValuePointer##false#org.apache.commons.jxpath.ri.model.dom.DOMNodePointer","","OK:com.sun.org.apache.xerces.internal.dom.DeferredElementImpl",0,"",0
"org.apache.commons.jxpath.ri.model.dom.DOMNodePointer#getValuePointer##false#org.apache.commons.jxpath.ri.model.dom.DOMNodePointer","","OK:org.apache.commons.jxpath.ri.model.dom.DOMNodePointer",6,"createPath(<sample:0>|<s:>) ; isRoot()",0
"org.apache.commons.jxpath.ri.model.dom.DOMNodePointer#equals#java.lang.Object#false#org.apache.commons.jxpath.ri.model.dom.DOMNodePointer","<i:1>","OK:java.lang.Boolean",3,"getNamespaceURI()",0
"org.apache.commons.jxpath.ri.model.jdom.JDOMNodePointer#createPath#org.apache.commons.jxpath.JXPathContext,java.lang.Object#false#org.apache.commons.jxpath.ri.model.jdom.JDOMNodePointer","<sample:2>|<s:>","ERR:java.lang.ClassCastException",0,"isAttribute()",0
"org.apache.commons.jxpath.ri.model.jdom.JDOMNodePointer#namespacePointer#java.lang.String#false#org.apache.commons.jxpath.ri.model.jdom.JDOMNodePointer","1.5f1.5f","OK:org.apache.commons.jxpath.ri.model.jdom.JDOMNamespacePointer",0,"",0
"org.apache.commons.jxpath.ri.model.dom.DOMNodePointer#clone##false#org.apache.commons.jxpath.ri.model.dom.DOMNodePointer","","OK:java.lang.String",0,"namespacePointer(xnl)",0
"org.apache.commons.jxpath.ri.model.jdom.JDOMNodePointer#getImmediateValuePointer##false#org.apache.commons.jxpath.ri.model.jdom.JDOMNodePointer","","OK:java.lang.Boolean",0,"",0
"org.apache.commons.jxpath.ri.model.dom.DOMNodePointer#getPointerByID#org.apache.commons.jxpath.JXPathContext,java.lang.String#false#org.apache.commons.jxpath.ri.model.dom.DOMNodePointer","<sample:0>|h9ttp://eexample.com/a?b=c","OK:org.apache.commons.jxpath.ri.model.beans.NullPointer",0,"",0
"org.apache.commons.jxpath.ri.model.dom.DOMNodePointer#createPath#org.apache.commons.jxpath.JXPathContext#false#org.apache.commons.jxpath.ri.model.dom.DOMNodePointer","<sample:0>","OK:org.apache.commons.jxpath.ri.model.dom.NamespacePointer",7,"getLength()",0
"org.apache.commons.jxpath.ri.model.dom.DOMNodePointer#getName##false#org.apache.commons.jxpath.ri.model.dom.DOMNodePointer","","OK:java.lang.String",0,"createAttribute(<sample:3>|<sample:7>)",0
"org.apache.commons.jxpath.ri.model.dom.DOMNodePointer#getIndex##false#org.apache.commons.jxpath.ri.model.dom.DOMNodePointer","","OK:java.lang.Integer",0,"createChild(<sample:7>|<sample:10>|0|<i:-16777217>)",0
"org.apache.commons.jxpath.ri.model.dom.DOMNodePointer#getNamespaceURI#java.lang.String#false#org.apache.commons.jxpath.ri.model.dom.DOMNodePointer","'')","NULL:",0,"",0
"org.apache.commons.jxpath.ri.model.dom.DOMNodePointer#createPath#org.apache.commons.jxpath.JXPathContext#false#org.apache.commons.jxpath.ri.model.dom.DOMNodePointer","<sample:3>","OK:org.apache.commons.jxpath.ri.model.dom.DOMNodePointer",6,"getIndex()",0
"org.apache.commons.jxpath.ri.model.jdom.JDOMNodePointer#newNodePointer#org.apache.commons.jxpath.ri.QName,java.lang.Object,java.util.Locale#true#org.apache.commons.jxpath.ri.model.jdom.JDOMNodePointer","<sample:17>|<s:n>|<sample:2>","NULL:",0,"",0
"org.apache.commons.jxpath.ri.model.dom.DOMNodePointer#createPath#org.apache.commons.jxpath.JXPathContext,java.lang.Object#false#org.apache.commons.jxpath.ri.model.dom.DOMNodePointer","<sample:0>|<s:uuu>","OK:java.lang.String",0,"getNodeValue()",0
"org.apache.commons.jxpath.ri.model.dom.DOMNodePointer#getNamespaceResolver##false#org.apache.commons.jxpath.ri.model.dom.DOMNodePointer","","NULL:",2,"isCollection()",0
"org.apache.commons.jxpath.ri.model.dom.DOMNodePointer#childIterator#org.apache.commons.jxpath.ri.compiler.NodeTest,boolean,org.apache.commons.jxpath.ri.model.NodePointer#false#org.apache.commons.jxpath.ri.model.dom.DOMNodePointer","<sample:5>|false|<null>","OK:org.apache.commons.jxpath.ri.model.dom.DOMNodeIterator",0,"",0
"org.apache.commons.jxpath.ri.model.dom.DOMNodePointer#attributeIterator#org.apache.commons.jxpath.ri.QName#false#org.apache.commons.jxpath.ri.model.dom.DOMNodePointer","<sample:0>","OK:java.lang.Boolean",7,"",0
"org.apache.commons.jxpath.ri.model.jdom.JDOMNodePointer#isRoot##false#org.apache.commons.jxpath.ri.model.jdom.JDOMNodePointer","","OK:java.lang.Boolean",5,"attributeIterator(<sample:1>)",0
"org.apache.commons.jxpath.ri.model.dom.DOMNodePointer#getValuePointer##false#org.apache.commons.jxpath.ri.model.dom.DOMNodePointer","","ERR:org.apache.commons.jxpath.JXPathException",0,"getPointerByKey(<sample:2>|I|xml9l.ng)",0
"org.apache.commons.jxpath.ri.model.dom.DOMNodePointer#createAttribute#org.apache.commons.jxpath.JXPathContext,org.apache.commons.jxpath.ri.QName#false#org.apache.commons.jxpath.ri.model.dom.DOMNodePointer","<null>|<sample:14>","ERR:org.w3c.dom.DOMException",0,"",0
"org.apache.commons.jxpath.ri.model.dom.DOMNodePointer#isContainer##false#org.apache.commons.jxpath.ri.model.dom.DOMNodePointer","","OK:java.lang.Boolean",0,"",0
"org.apache.commons.jxpath.ri.model.dom.DOMNodePointer#attributeIterator#org.apache.commons.jxpath.ri.QName#false#org.apache.commons.jxpath.ri.model.dom.DOMNodePointer","<sample:14>","OK:org.apache.commons.jxpath.ri.model.dom.DOMAttributeIterator",3,"isLanguage(010)",0
"org.apache.commons.jxpath.ri.model.dom.DOMNodePointer#getPointerByID#org.apache.commons.jxpath.JXPathContext,java.lang.String#false#org.apache.commons.jxpath.ri.model.dom.DOMNodePointer","<sample:0>|1eI0010Title.5","NULL:",0,"attributeIterator(<sample:8>) ; createChild(<sample:7>|<sample:5>|1073741823)",0
"org.apache.commons.jxpath.ri.model.dom.DOMNodePointer#isLanguage#java.lang.String#false#org.apache.commons.jxpath.ri.model.dom.DOMNodePointer",")","OK:java.lang.Boolean",7,"",0
"org.apache.commons.jxpath.ri.model.jdom.JDOMNodePointer#getPointerByKey#org.apache.commons.jxpath.JXPathContext,java.lang.String,java.lang.String#false#org.apache.commons.jxpath.ri.model.jdom.JDOMNodePointer","<sample:2>|-634653229749108261.5|0xFFFFFFFL","ERR:org.apache.commons.jxpath.JXPathException",0,"isActual()",0
"org.apache.commons.jxpath.ri.model.jdom.JDOMNodePointer#getLocale##false#org.apache.commons.jxpath.ri.model.jdom.JDOMNodePointer","","OK:java.lang.String",0,"",0
"org.apache.commons.jxpath.ri.model.jdom.JDOMNodePointer#newNodePointer#org.apache.commons.jxpath.ri.QName,java.lang.Object,java.util.Locale#true#org.apache.commons.jxpath.ri.model.jdom.JDOMNodePointer","<sample:13>|<s:C>|<sample:1>","OK:org.apache.commons.jxpath.ri.model.beans.BeanPointer",0,"",0
"org.apache.commons.jxpath.ri.model.dom.DOMNodePointer#testNode#org.apache.commons.jxpath.ri.compiler.NodeTest#false#org.apache.commons.jxpath.ri.model.dom.DOMNodePointer","<sample:7>","OK:java.lang.Boolean",0,"isRoot()",0
"org.apache.commons.jxpath.ri.model.dom.DOMNodePointer#getNamespaceResolver##false#org.apache.commons.jxpath.ri.model.dom.DOMNodePointer","","NULL:",3,"",0
"org.apache.commons.jxpath.ri.model.dom.DOMNodePointer#getLocalName#org.w3c.dom.Node#true#org.apache.commons.jxpath.ri.model.dom.DOMNodePointer","<sample:0>","OK:java.lang.String",0,"",0
"org.apache.commons.jxpath.ri.model.dom.DOMNodePointer#getNamespaceURI##false#org.apache.commons.jxpath.ri.model.dom.DOMNodePointer","","NULL:",3,"attributeIterator(<sample:5>)",0
"org.apache.commons.jxpath.ri.model.jdom.JDOMNodePointer#getNamespaceURI#java.lang.String#false#org.apache.commons.jxpath.ri.model.jdom.JDOMNodePointer","11E5","NULL:",0,"setAttribute(true)",0
"org.apache.commons.jxpath.ri.model.dom.DOMNodePointer#createPath#org.apache.commons.jxpath.JXPathContext,java.lang.Object#false#org.apache.commons.jxpath.ri.model.dom.DOMNodePointer","<sample:6>|<d:0.75>","OK:org.apache.commons.jxpath.ri.model.dom.DOMNodePointer",5,"getRootNode() ; setAttribute(false)",0
"org.apache.commons.jxpath.ri.model.dom.DOMNodePointer#getNode##false#org.apache.commons.jxpath.ri.model.dom.DOMNodePointer","","OK:java.lang.Integer",0,"asPath()",0
"org.apache.commons.jxpath.ri.model.jdom.JDOMNodePointer#getNamespaceResolver##false#org.apache.commons.jxpath.ri.model.jdom.JDOMNodePointer","","NULL:",2,"",0
"org.apache.commons.jxpath.ri.model.dom.DOMNodePointer#getPointerByID#org.apache.commons.jxpath.JXPathContext,java.lang.String#false#org.apache.commons.jxpath.ri.model.dom.DOMNodePointer","<sample:6>|nvll","ERR:java.lang.NullPointerException",7,"attributeIterator(<sample:3>)",0
"org.apache.commons.jxpath.ri.model.dom.DOMNodePointer#getNode##false#org.apache.commons.jxpath.ri.model.dom.DOMNodePointer","","ERR:org.w3c.dom.DOMException",0,"getNodeValue()",0
"org.apache.commons.jxpath.ri.model.dom.DOMNodePointer#getLanguage##false#org.apache.commons.jxpath.ri.model.dom.DOMNodePointer","","NULL:",2,"",0
"org.apache.commons.jxpath.ri.model.dom.DOMNodePointer#getPointerByID#org.apache.commons.jxpath.JXPathContext,java.lang.String#false#org.apache.commons.jxpath.ri.model.dom.DOMNodePointer","<sample:5>|1.1234567","ERR:org.apache.commons.jxpath.JXPathException",0,"getPointerByKey(<sample:7>|[[|1.12345678) ; createChild(<sample:5>|<sample:9>|10)",0
"org.apache.commons.jxpath.ri.model.jdom.JDOMNodePointer#getName##false#org.apache.commons.jxpath.ri.model.jdom.JDOMNodePointer","","OK:org.apache.commons.jxpath.ri.QName",0,"",0
"org.apache.commons.jxpath.ri.model.dom.DOMNodePointer#getPointerByID#org.apache.commons.jxpath.JXPathContext,java.lang.String#false#org.apache.commons.jxpath.ri.model.dom.DOMNodePointer","<sample:4>|xlns:","OK:java.lang.String",0,"isLeaf()",0
"org.apache.commons.jxpath.ri.model.dom.DOMNodePointer#getName##false#org.apache.commons.jxpath.ri.model.dom.DOMNodePointer","","NULL:",0,"getName() ; setValue(<null>)",0
"org.apache.commons.jxpath.ri.model.dom.DOMNodePointer#getLength##false#org.apache.commons.jxpath.ri.model.dom.DOMNodePointer","","OK:java.lang.Integer",3,"getLanguage()",0
"org.apache.commons.jxpath.ri.model.dom.DOMNodePointer#getParent##false#org.apache.commons.jxpath.ri.model.dom.DOMNodePointer","","NULL:",1,"",0
"org.apache.commons.jxpath.ri.model.dom.DOMNodePointer#getNodeValue##false#org.apache.commons.jxpath.ri.model.dom.DOMNodePointer","","NULL:",0,"createChild(<sample:0>|<sample:8>|2147483647) ; getLocale()",0
"org.apache.commons.jxpath.ri.model.dom.DOMNodePointer#createPath#org.apache.commons.jxpath.JXPathContext#false#org.apache.commons.jxpath.ri.model.dom.DOMNodePointer","<sample:3>","OK:org.apache.commons.jxpath.ri.model.dom.DOMNodePointer",0,"getLocale()",0
"org.apache.commons.jxpath.ri.model.dom.DOMNodePointer#getImmediateValuePointer##false#org.apache.commons.jxpath.ri.model.dom.DOMNodePointer","","ERR:java.lang.ClassCastException",3,"getNode()",0
"org.apache.commons.jxpath.ri.model.dom.DOMNodePointer#clone##false#org.apache.commons.jxpath.ri.model.dom.DOMNodePointer","","ERR:java.lang.ClassCastException",0,"createPath(<sample:9>|<i:-48>)",0
"org.apache.commons.jxpath.ri.model.dom.DOMNodePointer#testNode#org.w3c.dom.Node,org.apache.commons.jxpath.ri.compiler.NodeTest#true#org.apache.commons.jxpath.ri.model.dom.DOMNodePointer","<sample:1>|<sample:7>","OK:java.lang.Boolean",0,"",0
"org.apache.commons.jxpath.ri.model.dom.DOMNodePointer#attributeIterator#org.apache.commons.jxpath.ri.QName#false#org.apache.commons.jxpath.ri.model.dom.DOMNodePointer","<sample:13>","NULL:",0,"getBaseValue()",0
